0: 
1: 33;155160 83;151560 247;144360 333;147960 
2: 94;151560 168;147960 238;155160 
3: 
4: 5;151560 30;155160 
5: 53;86759.7 78;97559.7 89;151560 136;93959.7 208;90359.7 234;155160 
6: 
7: 8;147960 83;90359.7 110;115560 127;151560 141;129960 169;144360 243;137160 279;122760 299;111960 308;140760 314;155160 330;126360 348;119160 355;104760 363;93959.7 367;101160 
8: 
9: 
10: 
11: 
12: 
13: 
14: 
15: 28;151560 136;155160 153;147960 
16: 8;111960 38;115560 81;140760 82;137160 160;119160 243;133560 310;129960 393;122760 
17: 
18: 
19: 
20: 
21: 260;147960 
22: 
23: 
24: 395;133560 
25: 
26: 
27: 
28: 16;104760 53;97559.7 59;101160 83;111960 184;86759.7 336;108360 
29: 
30: 
31: 
32: 
33: 
34: 
35: 90;147960 
36: 
37: 
38: 82;108360 321;155160 
39: 
40: 
41: 
42: 
43: 68;129960 324;137160 380;144360 
44: 
45: 
46: 
47: 
48: 
49: 204;140760 
50: 
51: 
52: 
53: 141;122760 
54: 
55: 7;115560 86;93959.7 88;155160 95;133560 96;151560 160;144360 229;119160 239;147960 242;101160 294;140760 300;129960 321;122760 344;137160 
56: 10;129960 64;122760 90;147960 94;115560 109;155160 128;140760 207;104760 233;151560 237;111960 324;119160 350;133560 364;126360 372;144360 
57: 9;119160 68;122760 156;126360 317;115560 368;129960 
58: 
59: 5;93959.7 43;104760 119;108360 165;115560 203;111960 292;101160 318;119160 325;86759.7 
60: 
61: 
62: 245;151560 314;155160 
63: 
64: 56;126360 58;129960 174;133560 
65: 11;129960 63;147960 99;119160 185;155160 190;137160 198;126360 225;151560 278;111960 354;133560 358;140760 363;122760 
66: 
67: 
68: 196;147960 222;151560 348;155160 
69: 
70: 
71: 199;140760 
72: 145;129960 324;126360 
73: 
74: 
75: 
76: 
77: 315;155160 
78: 16;155160 191;144360 192;151560 249;147960 
79: 28;122760 71;129960 99;144360 124;133560 137;155160 256;126360 364;151560 375;119160 392;147960 
80: 26;140760 37;147960 144;151560 310;144360 317;129960 339;155160 358;126360 365;133560 368;111960 
81: 293;122760 
82: 38;155160 
83: 250;115560 
84: 
85: 
86: 160;140760 278;104760 336;115560 
87: 110;155160 140;151560 
88: 109;147960 360;151560 386;155160 
89: 62;155160 142;151560 
90: 72;108360 91;104760 147;97559.7 152;147960 250;101160 
91: 136;133560 
92: 
93: 
94: 65;151560 
95: 
96: 
97: 155;140760 168;155160 355;144360 377;151560 
98: 
99: 288;104760 337;129960 
100: 
101: 
102: 57;147960 79;111960 226;144360 
103: 16;151560 88;119160 105;126360 121;111960 124;155160 132;115560 185;140760 207;129960 246;137160 370;147960 375;144360 
104: 
105: 103;144360 155;104760 191;155160 197;122760 203;119160 260;126360 384;151560 395;115560 
106: 
107: 
108: 154;144360 161;147960 210;140760 
109: 102;108360 172;126360 246;111960 301;104760 313;119160 324;122760 328;129960 367;115560 
110: 
111: 5;151560 55;129960 59;144360 82;137160 102;133560 240;126360 299;119160 309;111960 315;140760 382;122760 396;155160 
112: 
113: 
114: 17;151560 296;155160 
115: 
116: 
117: 
118: 
119: 
120: 153;140760 318;144360 
121: 103;126360 123;129960 179;147960 181;122760 187;155160 284;151560 339;137160 341;144360 367;133560 400;140760 
122: 11;147960 87;97559.7 279;93959.7 355;115560 
123: 119;155160 153;151560 333;144360 383;147960 385;133560 389;140760 396;137160 400;126360 
124: 
125: 
126: 
127: 136;147960 166;137160 265;140760 299;144360 
128: 
129: 29;147960 97;137160 247;144360 263;151560 296;140760 384;155160 
130: 
131: 
132: 
133: 
134: 123;137160 157;151560 163;140760 243;144360 254;119160 285;147960 323;115560 
135: 
136: 61;115560 64;133560 142;119160 153;129960 170;101160 203;126360 231;111960 247;137160 273;122760 316;97559.7 
137: 
138: 12;155160 345;115560 
139: 
140: 
141: 43;144360 64;133560 247;137160 314;147960 317;140760 
142: 135;151560 179;129960 189;126360 203;122760 273;137160 280;144360 313;155160 373;147960 
143: 
144: 
145: 
146: 
147: 2;126360 99;129960 134;104760 166;119160 169;122760 175;101160 180;115560 197;111960 
148: 
149: 
150: 
151: 
152: 
153: 
154: 50;155160 60;147960 82;151560 
155: 256;126360 
156: 
157: 265;155160 
158: 
159: 
160: 
161: 
162: 
163: 61;155160 315;151560 399;144360 
164: 
165: 38;140760 54;147960 122;129960 161;126360 185;119160 199;151560 322;144360 396;155160 397;122760 
166: 328;133560 337;93959.7 
167: 
168: 
169: 127;137160 333;144360 
170: 8;115560 57;111960 123;144360 208;151560 250;140760 257;119160 258;147960 389;155160 
171: 
172: 
173: 
174: 60;115560 93;119160 394;111960 
175: 8;122760 
176: 
177: 
178: 
179: 23;93959.7 69;137160 80;151560 105;140760 127;115560 137;129960 197;97559.7 220;101160 232;119160 274;133560 366;122760 384;126360 
180: 120;129960 135;155160 145;140760 197;137160 201;122760 340;144360 365;133560 368;147960 374;151560 
181: 
182: 
183: 
184: 60;137160 72;93959.7 100;133560 130;122760 198;97559.7 219;119160 258;90359.7 267;129960 330;126360 382;140760 
185: 21;129960 
186: 34;155160 
187: 
188: 
189: 11;129960 80;137160 190;147960 197;140760 265;151560 278;144360 358;155160 
190: 
191: 83;147960 197;155160 358;151560 
192: 162;133560 274;129960 299;119160 311;126360 343;122760 
193: 
194: 
195: 4;140760 5;151560 54;144360 100;129960 153;147960 343;155160 
196: 
197: 37;155160 
198: 
199: 191;151560 198;140760 314;155160 
200: 
201: 
202: 
203: 211;155160 263;151560 349;147960 
204: 
205: 
206: 56;126360 92;119160 138;129960 162;108360 179;90359.7 184;133560 203;137160 231;115560 243;101160 269;111960 344;122760 357;140760 
207: 0;115560 24;129960 36;111960 78;155160 82;122760 94;133560 254;137160 316;119160 322;140760 355;126360 377;144360 390;151560 
208: 8;129960 56;111960 61;155160 90;93959.7 105;151560 123;122760 146;140760 211;133560 228;119160 284;147960 290;137160 301;104760 389;144360 
209: 
210: 
211: 
212: 
213: 
214: 
215: 
216: 
217: 
218: 
219: 
220: 26;111960 
221: 
222: 
223: 
224: 
225: 47;129960 132;126360 254;133560 
226: 11;147960 294;151560 350;155160 
227: 
228: 232;104760 
229: 41;122760 294;126360 
230: 
231: 
232: 91;151560 283;147960 384;155160 
233: 
234: 
235: 
236: 
237: 
238: 
239: 
240: 15;144360 49;97559.7 119;147960 137;140760 138;133560 166;90359.7 169;151560 206;137160 220;115560 234;155160 299;93959.7 321;126360 377;111960 391;129960 
241: 
242: 16;133560 24;115560 105;144360 114;119160 132;129960 207;122760 339;126360 370;137160 375;111960 
243: 65;104760 87;108360 201;111960 
244: 
245: 
246: 
247: 57;122760 64;126360 68;147960 121;133560 127;144360 198;155160 203;111960 208;129960 368;151560 393;119160 
248: 
249: 
250: 122;151560 
251: 
252: 
253: 
254: 83;133560 198;126360 225;137160 290;129960 
255: 
256: 93;137160 160;140760 
257: 
258: 375;133560 
259: 
260: 35;144360 63;140760 119;129960 179;137160 274;155160 314;133560 345;147960 372;151560 
261: 
262: 322;155160 
263: 28;155160 
264: 
265: 245;147960 
266: 
267: 
268: 278;155160 
269: 
270: 
271: 
272: 119;151560 127;155160 163;147960 
273: 
274: 
275: 
276: 
277: 
278: 102;111960 111;108360 162;129960 192;115560 203;155160 228;137160 236;151560 269;140760 310;144360 322;126360 
279: 260;151560 389;147960 
280: 
281: 
282: 
283: 138;126360 206;129960 220;122760 238;119160 315;133560 
284: 137;133560 
285: 
286: 
287: 79;155160 102;144360 113;151560 118;147960 264;140760 
288: 
289: 
290: 
291: 
292: 62;104760 98;111960 186;108360 283;122760 378;119160 
293: 195;126360 278;129960 354;133560 
294: 135;155160 243;129960 313;133560 333;147960 351;140760 379;144360 
295: 
296: 15;147960 362;151560 372;144360 400;155160 
297: 
298: 273;155160 
299: 68;155160 83;93959.7 
300: 60;144360 64;147960 93;155160 113;140760 352;133560 396;151560 
301: 
302: 
303: 
304: 
305: 
306: 
307: 
308: 147;151560 356;147960 
309: 77;147960 83;122760 142;133560 186;137160 189;155160 284;129960 286;126360 327;151560 335;119160 385;140760 
310: 96;155160 109;133560 210;137160 272;144360 273;140760 344;147960 379;151560 
311: 
312: 
313: 
314: 
315: 56;133560 174;108360 234;151560 258;101160 280;137160 330;104760 
316: 
317: 279;147960 
318: 131;140760 145;144360 196;129960 272;147960 276;137160 346;126360 353;122760 
319: 
320: 
321: 12;129960 80;122760 298;119160 343;126360 
322: 252;155160 268;151560 
323: 38;126360 185;137160 393;155160 
324: 
325: 140;119160 225;122760 315;126360 
326: 
327: 163;147960 274;151560 313;155160 
328: 
329: 
330: 
331: 
332: 
333: 
334: 
335: 29;144360 38;129960 96;155160 105;137160 113;147960 152;140760 196;126360 246;151560 
336: 58;151560 108;133560 135;147960 327;155160 379;137160 
337: 5;133560 28;129960 82;126360 92;140760 111;147960 184;144360 228;137160 315;155160 330;151560 
338: 
339: 198;155160 
340: 
341: 
342: 
343: 24;147960 79;140760 134;137160 194;151560 284;155160 
344: 
345: 81;155160 
346: 
347: 
348: 
349: 
350: 129;140760 
351: 91;147960 333;144360 336;151560 355;155160 
352: 
353: 
354: 16;147960 28;140760 101;155160 126;144360 187;151560 
355: 122;90359.7 
356: 191;155160 
357: 30;147960 269;155160 394;151560 
358: 
359: 
360: 162;155160 
361: 
362: 
363: 99;101160 120;115560 130;155160 138;111960 206;119160 229;122760 254;104760 281;108360 
364: 1;140760 43;155160 77;129960 96;137160 100;144360 108;147960 129;133560 276;151560 
365: 
366: 44;133560 
367: 90;140760 287;137160 
368: 
369: 175;151560 243;155160 
370: 
371: 
372: 
373: 
374: 
375: 80;137160 220;133560 228;129960 305;144360 333;140760 369;147960 
376: 
377: 
378: 323;147960 377;144360 
379: 
380: 123;151560 251;144360 293;147960 394;155160 
381: 
382: 171;155160 225;151560 226;147960 251;144360 
383: 
384: 
385: 
386: 
387: 
388: 
389: 
390: 
391: 316;104760 
392: 60;155160 
393: 52;155160 250;144360 
394: 56;155160 262;151560 264;133560 280;144360 385;140760 400;147960 
395: 
396: 65;137160 
397: 87;137160 114;147960 258;144360 273;133560 317;140760 
398: 
399: 178;151560 206;147960 
400: 
