0: 
1: 33;155160 83;151560 247;158760 333;147960 378;165960 
2: 63;165960 73;158760 94;151560 168;147960 238;155160 
3: 119;162360 254;165960 
4: 5;165960 30;155160 40;158760 277;162360 
5: 53;86759.7 78;97559.7 89;151560 136;93959.7 142;162360 208;90359.7 234;155160 247;158760 269;165960 
6: 
7: 8;147960 83;162360 110;115560 122;165960 127;151560 141;129960 169;144360 243;158760 279;122760 299;111960 308;140760 314;155160 330;126360 348;119160 355;104760 363;93959.7 367;101160 
8: 
9: 
10: 
11: 
12: 
13: 
14: 
15: 28;151560 83;162360 136;155160 153;158760 372;165960 
16: 8;111960 38;115560 81;140760 82;137160 160;119160 203;162360 243;133560 245;165960 310;129960 393;122760 
17: 
18: 
19: 
20: 
21: 260;147960 
22: 
23: 315;165960 
24: 395;133560 
25: 
26: 400;158760 
27: 
28: 16;104760 53;97559.7 59;101160 83;111960 184;86759.7 336;108360 
29: 
30: 
31: 
32: 
33: 
34: 
35: 90;147960 145;162360 234;165960 
36: 
37: 
38: 3;158760 82;108360 321;155160 
39: 
40: 
41: 
42: 
43: 68;129960 109;158760 324;137160 364;162360 380;144360 
44: 
45: 
46: 
47: 
48: 
49: 7;158760 204;162360 340;165960 
50: 
51: 
52: 273;165960 319;162360 334;158760 
53: 141;122760 
54: 
55: 7;115560 47;165960 86;93959.7 88;155160 95;133560 96;162360 160;158760 229;119160 239;147960 242;101160 294;140760 300;129960 321;122760 344;137160 
56: 10;129960 64;122760 90;147960 94;115560 109;155160 128;140760 207;104760 233;151560 237;111960 324;119160 350;133560 364;126360 372;144360 
57: 9;119160 68;122760 156;126360 317;115560 368;129960 
58: 
59: 5;165960 43;104760 119;108360 165;115560 203;111960 292;101160 318;119160 325;86759.7 
60: 75;165960 388;162360 
61: 
62: 18;165960 245;162360 254;158760 314;155160 
63: 
64: 56;126360 58;129960 174;133560 
65: 11;129960 50;162360 63;147960 80;165960 99;119160 124;158760 185;155160 190;137160 198;126360 225;151560 278;111960 354;133560 358;140760 363;122760 
66: 
67: 
68: 196;147960 222;151560 348;155160 
69: 
70: 
71: 199;140760 
72: 145;129960 324;126360 
73: 
74: 
75: 
76: 292;165960 
77: 138;165960 315;155160 348;158760 
78: 16;155160 106;158760 191;144360 192;151560 217;165960 228;162360 249;147960 
79: 28;122760 71;129960 99;144360 124;133560 137;165960 256;126360 258;162360 364;151560 375;119160 390;158760 392;147960 
80: 26;158760 37;147960 83;162360 143;165960 144;151560 310;144360 317;129960 339;155160 358;126360 365;133560 368;111960 
81: 293;122760 
82: 38;155160 
83: 68;165960 250;115560 358;162360 
84: 
85: 
86: 160;140760 278;104760 336;115560 
87: 110;155160 140;151560 207;162360 392;165960 
88: 16;165960 75;158760 109;147960 127;162360 360;151560 386;155160 
89: 62;155160 142;151560 189;162360 335;165960 365;158760 
90: 72;108360 91;104760 147;97559.7 152;147960 250;101160 
91: 136;133560 
92: 
93: 
94: 65;151560 
95: 
96: 
97: 98;158760 155;140760 168;165960 355;144360 377;151560 
98: 73;165960 154;162360 
99: 288;104760 337;129960 
100: 69;165960 125;162360 
101: 
102: 57;147960 79;111960 185;162360 226;144360 367;158760 
103: 16;151560 88;119160 105;126360 121;111960 124;155160 132;115560 185;140760 207;129960 246;137160 370;147960 375;144360 386;158760 
104: 
105: 103;144360 155;104760 177;162360 191;165960 197;158760 203;119160 260;126360 384;151560 395;115560 
106: 
107: 
108: 154;144360 161;147960 210;140760 
109: 102;108360 172;126360 246;111960 301;104760 313;119160 324;122760 328;129960 367;115560 
110: 
111: 5;151560 7;162360 38;158760 55;129960 59;144360 82;137160 102;133560 206;165960 240;126360 299;119160 309;111960 315;140760 382;122760 396;155160 
112: 
113: 
114: 17;151560 296;155160 
115: 
116: 
117: 
118: 
119: 
120: 153;140760 318;144360 
121: 103;126360 123;129960 129;165960 179;147960 181;122760 187;155160 191;158760 205;162360 284;151560 339;137160 341;144360 367;133560 400;140760 
122: 11;147960 87;97559.7 279;93959.7 355;115560 
123: 119;155160 153;151560 333;144360 346;158760 383;147960 385;133560 389;140760 396;137160 400;126360 
124: 111;158760 
125: 116;165960 
126: 
127: 136;147960 166;137160 265;140760 299;144360 
128: 
129: 29;147960 97;137160 209;158760 247;144360 263;162360 296;140760 315;165960 384;155160 
130: 179;158760 251;162360 
131: 
132: 
133: 
134: 123;158760 157;151560 163;140760 237;162360 243;144360 254;119160 285;165960 323;115560 
135: 
136: 61;115560 64;133560 142;119160 153;129960 170;101160 203;126360 231;111960 247;137160 273;122760 316;97559.7 
137: 
138: 12;155160 121;158760 155;165960 181;162360 345;115560 
139: 
140: 
141: 43;144360 64;133560 247;137160 314;147960 317;140760 
142: 2;162360 65;158760 135;151560 179;129960 189;126360 203;122760 273;137160 280;144360 313;155160 373;147960 
143: 
144: 
145: 
146: 
147: 2;126360 99;129960 134;104760 166;119160 169;122760 175;101160 180;115560 197;111960 
148: 
149: 
150: 
151: 
152: 
153: 
154: 50;155160 60;147960 82;151560 234;162360 264;158760 
155: 256;126360 
156: 
157: 81;158760 247;162360 265;165960 
158: 
159: 
160: 
161: 12;162360 108;158760 
162: 
163: 61;155160 102;162360 106;165960 315;151560 390;158760 399;144360 
164: 
165: 38;158760 54;165960 122;129960 161;126360 185;119160 199;151560 322;144360 396;155160 397;122760 
166: 328;133560 337;93959.7 
167: 
168: 
169: 127;137160 333;144360 
170: 8;115560 57;111960 123;144360 208;151560 250;140760 257;119160 258;147960 389;155160 
171: 
172: 
173: 
174: 60;115560 93;119160 394;111960 
175: 8;122760 
176: 
177: 
178: 
179: 23;93959.7 69;137160 80;151560 105;140760 127;115560 137;129960 197;97559.7 220;101160 232;119160 274;133560 366;122760 384;126360 
180: 34;162360 120;129960 135;155160 145;140760 197;137160 201;165960 243;158760 340;144360 365;133560 368;147960 374;151560 
181: 
182: 
183: 
184: 60;137160 72;93959.7 100;133560 130;122760 198;97559.7 219;119160 258;90359.7 267;129960 330;126360 382;140760 
185: 21;129960 
186: 34;155160 
187: 
188: 
189: 11;129960 80;137160 83;165960 185;158760 190;147960 197;140760 265;151560 278;144360 358;155160 
190: 
191: 54;162360 83;147960 197;155160 281;158760 358;151560 367;165960 
192: 162;133560 274;129960 299;119160 311;126360 343;122760 
193: 
194: 
195: 4;140760 5;158760 54;144360 100;129960 153;147960 200;162360 202;165960 343;155160 
196: 327;165960 
197: 37;155160 
198: 
199: 137;158760 191;151560 198;140760 233;162360 314;155160 354;165960 
200: 
201: 
202: 
203: 111;162360 211;155160 256;165960 263;151560 349;147960 370;158760 
204: 
205: 
206: 28;158760 56;126360 92;119160 138;129960 162;108360 179;90359.7 184;133560 203;137160 231;115560 243;101160 269;111960 344;122760 357;140760 
207: 0;115560 24;129960 36;111960 78;155160 82;122760 94;133560 254;137160 316;119160 322;140760 355;126360 377;144360 390;151560 
208: 4;162360 8;129960 56;111960 61;155160 90;93959.7 105;165960 123;122760 146;140760 211;133560 228;119160 284;147960 290;137160 301;104760 364;158760 389;144360 
209: 
210: 
211: 
212: 
213: 
214: 
215: 
216: 
217: 
218: 
219: 
220: 26;111960 205;162360 226;165960 
221: 
222: 
223: 
224: 
225: 47;129960 132;126360 254;133560 
226: 11;147960 16;165960 279;162360 294;151560 350;155160 369;158760 
227: 
228: 232;104760 
229: 41;122760 175;162360 294;126360 
230: 
231: 
232: 91;151560 283;147960 384;155160 
233: 
234: 
235: 
236: 
237: 
238: 119;165960 230;162360 
239: 
240: 15;144360 49;97559.7 82;158760 102;162360 119;147960 137;140760 138;133560 166;90359.7 169;165960 206;137160 220;115560 234;155160 299;93959.7 321;126360 377;111960 391;129960 
241: 
242: 16;133560 24;115560 105;144360 114;119160 132;129960 207;122760 339;126360 370;137160 375;111960 
243: 65;104760 87;108360 201;111960 
244: 
245: 287;162360 293;165960 
246: 
247: 57;165960 64;126360 68;147960 121;133560 127;144360 198;155160 203;111960 208;129960 368;162360 393;158760 
248: 350;165960 
249: 
250: 122;151560 
251: 
252: 
253: 
254: 50;165960 83;133560 198;126360 225;137160 290;129960 358;162360 
255: 
256: 93;137160 160;140760 238;158760 379;162360 
257: 
258: 375;133560 
259: 
260: 35;144360 63;140760 119;129960 127;162360 129;165960 179;137160 274;155160 314;158760 345;147960 372;151560 
261: 
262: 5;162360 137;158760 298;165960 322;155160 
263: 8;162360 28;165960 203;158760 
264: 
265: 245;147960 
266: 
267: 
268: 21;158760 93;162360 278;155160 
269: 
270: 
271: 
272: 5;158760 119;151560 127;155160 163;162360 322;165960 
273: 
274: 
275: 
276: 
277: 
278: 8;165960 78;158760 102;111960 111;108360 162;162360 192;115560 203;155160 228;137160 236;151560 269;140760 310;144360 322;126360 
279: 61;165960 260;151560 389;147960 
280: 
281: 
282: 
283: 138;126360 206;129960 220;122760 238;119160 315;133560 
284: 137;133560 
285: 83;162360 
286: 154;165960 
287: 29;162360 79;155160 102;144360 113;151560 118;158760 155;165960 264;140760 
288: 
289: 
290: 
291: 
292: 62;104760 98;111960 186;108360 283;122760 378;119160 
293: 195;126360 278;129960 354;133560 
294: 135;155160 203;162360 238;165960 243;129960 313;133560 333;147960 351;140760 373;158760 379;144360 
295: 
296: 15;147960 248;165960 362;151560 372;144360 400;158760 
297: 
298: 160;162360 273;155160 312;158760 
299: 68;155160 70;165960 83;93959.7 307;158760 
300: 5;162360 60;144360 64;147960 93;155160 95;165960 113;140760 288;158760 352;133560 396;151560 
301: 
302: 
303: 
304: 
305: 
306: 
307: 111;162360 165;165960 
308: 147;151560 356;147960 
309: 1;162360 77;147960 83;122760 142;133560 181;158760 186;137160 189;155160 265;165960 284;129960 286;126360 327;151560 335;119160 385;140760 
310: 96;155160 109;133560 192;162360 210;137160 272;144360 273;140760 344;147960 378;158760 379;151560 
311: 
312: 16;162360 37;165960 
313: 
314: 127;162360 221;165960 234;158760 
315: 56;133560 174;108360 234;151560 258;101160 280;137160 330;104760 
316: 
317: 279;147960 
318: 131;140760 145;144360 196;129960 272;147960 276;137160 346;126360 353;122760 
319: 
320: 
321: 12;129960 80;122760 298;119160 343;126360 
322: 7;162360 252;158760 268;151560 321;165960 
323: 38;162360 185;137160 358;158760 393;155160 
324: 
325: 140;119160 225;122760 315;126360 
326: 
327: 62;158760 148;165960 163;147960 274;151560 307;162360 313;155160 
328: 
329: 
330: 108;165960 153;162360 
331: 
332: 
333: 
334: 191;162360 313;165960 
335: 29;144360 38;129960 86;158760 96;155160 105;137160 113;162360 152;140760 165;165960 196;126360 246;151560 
336: 58;151560 108;133560 135;147960 327;155160 342;158760 356;162360 379;137160 384;165960 
337: 5;162360 28;129960 82;126360 92;140760 111;147960 162;165960 184;144360 199;158760 228;137160 315;155160 330;151560 
338: 
339: 68;162360 83;165960 198;155160 391;158760 
340: 
341: 
342: 
343: 24;147960 79;140760 134;137160 194;151560 238;158760 284;165960 
344: 
345: 81;155160 
346: 
347: 
348: 
349: 
350: 129;140760 
351: 11;165960 91;147960 313;162360 333;144360 336;151560 355;155160 
352: 
353: 
354: 16;147960 28;140760 33;165960 101;155160 109;158760 126;144360 187;151560 397;162360 
355: 122;90359.7 
356: 191;155160 
357: 30;147960 34;162360 269;155160 388;165960 394;158760 
358: 76;162360 
359: 
360: 24;158760 82;162360 162;155160 393;165960 
361: 
362: 
363: 99;101160 102;162360 120;115560 130;155160 138;111960 196;158760 206;119160 229;122760 254;104760 281;108360 335;165960 
364: 1;140760 43;155160 77;129960 96;137160 100;144360 108;147960 129;133560 276;158760 361;165960 379;162360 
365: 
366: 44;133560 
367: 59;162360 79;158760 90;140760 287;137160 
368: 
369: 175;151560 191;158760 229;165960 243;155160 383;162360 
370: 
371: 
372: 
373: 
374: 
375: 80;137160 220;133560 228;129960 305;144360 333;140760 369;147960 
376: 
377: 
378: 323;147960 377;144360 
379: 
380: 113;165960 123;151560 251;144360 264;162360 293;147960 298;158760 394;155160 
381: 
382: 171;155160 205;162360 225;165960 226;147960 251;144360 347;158760 
383: 355;162360 
384: 
385: 
386: 
387: 
388: 
389: 
390: 3;165960 222;162360 243;158760 
391: 316;104760 
392: 60;155160 
393: 52;155160 250;144360 
394: 56;155160 64;165960 137;162360 262;151560 264;133560 280;144360 385;158760 400;147960 
395: 
396: 65;137160 
397: 87;137160 114;147960 258;144360 273;133560 317;140760 
398: 
399: 178;151560 206;147960 
400: 
