0: 
1: 5;97559.7 17;97559.7 35;97559.7 38;97559.7 52;93959.7 104;97559.7 109;97559.7 112;97559.7 124;97559.7 143;97559.7 156;97559.7 191;97559.7 214;97559.7 236;97559.7 267;93959.7 284;93959.7 290;97559.7 291;97559.7 296;97559.7 377;93959.7 379;97559.7 385;93959.7 390;93959.7 
2: 21;93959.7 62;97559.7 98;97559.7 106;97559.7 136;97559.7 167;97559.7 170;97559.7 176;97559.7 182;97559.7 217;97559.7 230;97559.7 263;93959.7 265;97559.7 266;97559.7 269;97559.7 301;97559.7 336;97559.7 377;97559.7 380;97559.7 
3: 34;97559.7 39;97559.7 51;97559.7 72;97559.7 82;97559.7 89;97559.7 101;97559.7 108;97559.7 123;97559.7 178;97559.7 198;97559.7 211;97559.7 245;97559.7 301;97559.7 376;97559.7 383;97559.7 385;97559.7 
4: 
5: 
6: 
7: 
8: 
9: 
10: 4;97559.7 17;97559.7 68;93959.7 87;97559.7 93;93959.7 95;93959.7 127;97559.7 137;97559.7 141;97559.7 157;93959.7 164;93959.7 185;97559.7 203;97559.7 240;97559.7 275;97559.7 280;97559.7 285;93959.7 290;97559.7 342;97559.7 353;93959.7 361;97559.7 365;97559.7 
11: 
12: 
13: 21;97559.7 30;97559.7 78;97559.7 81;97559.7 108;97559.7 110;97559.7 153;97559.7 233;97559.7 240;97559.7 259;97559.7 294;97559.7 334;97559.7 343;97559.7 348;97559.7 383;97559.7 399;97559.7 
14: 15;93959.7 38;97559.7 43;93959.7 80;97559.7 100;97559.7 106;97559.7 119;97559.7 136;97559.7 155;97559.7 166;97559.7 169;97559.7 201;93959.7 248;97559.7 269;93959.7 270;97559.7 300;97559.7 358;97559.7 373;93959.7 377;93959.7 
15: 
16: 
17: 72;90359.7 125;90359.7 135;90359.7 197;90359.7 201;90359.7 246;90359.7 340;90359.7 365;90359.7 
18: 
19: 
20: 54;97559.7 63;97559.7 67;97559.7 79;97559.7 91;97559.7 149;97559.7 155;97559.7 157;97559.7 177;97559.7 191;97559.7 211;97559.7 220;97559.7 229;97559.7 317;97559.7 337;97559.7 372;97559.7 
21: 
22: 
23: 41;97559.7 66;97559.7 72;97559.7 77;93959.7 93;97559.7 132;97559.7 136;97559.7 147;93959.7 150;97559.7 161;97559.7 194;97559.7 195;97559.7 205;97559.7 225;97559.7 238;97559.7 239;97559.7 290;97559.7 319;97559.7 337;97559.7 369;97559.7 389;97559.7 396;93959.7 
24: 
25: 35;97559.7 46;97559.7 64;97559.7 67;97559.7 69;97559.7 137;97559.7 142;97559.7 269;97559.7 282;97559.7 335;97559.7 337;97559.7 374;97559.7 391;97559.7 393;97559.7 
26: 
27: 
28: 
29: 
30: 
31: 
32: 
33: 
34: 
35: 30;93959.7 48;93959.7 78;97559.7 110;97559.7 141;93959.7 153;97559.7 206;93959.7 233;97559.7 240;93959.7 259;97559.7 294;97559.7 334;93959.7 342;97559.7 343;97559.7 348;97559.7 354;97559.7 383;97559.7 389;97559.7 399;97559.7 
36: 
37: 
38: 
39: 
40: 
41: 72;97559.7 79;97559.7 86;97559.7 199;97559.7 276;97559.7 301;97559.7 362;97559.7 383;97559.7 400;97559.7 
42: 
43: 10;93959.7 13;97559.7 21;90359.7 35;97559.7 68;97559.7 77;97559.7 81;97559.7 98;97559.7 101;97559.7 128;93959.7 145;97559.7 154;97559.7 155;93959.7 170;97559.7 175;93959.7 236;97559.7 244;97559.7 265;97559.7 275;93959.7 290;97559.7 334;93959.7 342;97559.7 365;93959.7 378;90359.7 
44: 
45: 
46: 
47: 
48: 
49: 
50: 
51: 
52: 
53: 
54: 80;97559.7 122;97559.7 134;97559.7 147;97559.7 190;97559.7 197;97559.7 204;97559.7 222;97559.7 236;97559.7 244;97559.7 246;97559.7 275;97559.7 314;97559.7 340;97559.7 347;97559.7 370;97559.7 375;97559.7 400;97559.7 
55: 
56: 2;97559.7 10;97559.7 13;97559.7 59;93959.7 68;97559.7 87;97559.7 100;97559.7 117;97559.7 137;97559.7 157;97559.7 261;97559.7 264;97559.7 266;97559.7 280;97559.7 294;93959.7 342;97559.7 345;97559.7 364;93959.7 373;97559.7 380;97559.7 
57: 
58: 14;97559.7 38;97559.7 51;97559.7 107;93959.7 114;97559.7 130;97559.7 132;97559.7 144;97559.7 164;93959.7 207;97559.7 231;97559.7 242;97559.7 250;97559.7 274;97559.7 289;97559.7 300;97559.7 303;93959.7 319;97559.7 384;97559.7 
59: 
60: 1;93959.7 21;97559.7 34;97559.7 46;93959.7 48;97559.7 81;97559.7 102;93959.7 139;93959.7 141;90359.7 152;93959.7 153;97559.7 206;90359.7 218;90359.7 242;97559.7 244;97559.7 294;93959.7 300;93959.7 322;97559.7 342;97559.7 343;97559.7 350;97559.7 367;97559.7 383;90359.7 389;93959.7 399;97559.7 
61: 
62: 
63: 
64: 
65: 
66: 
67: 4;97559.7 13;93959.7 52;97559.7 68;97559.7 87;97559.7 95;97559.7 127;97559.7 132;97559.7 135;93959.7 137;97559.7 157;97559.7 164;93959.7 182;97559.7 203;97559.7 240;97559.7 275;97559.7 280;97559.7 285;97559.7 290;93959.7 340;97559.7 353;97559.7 375;93959.7 389;97559.7 
68: 2;97559.7 10;97559.7 13;97559.7 87;97559.7 90;97559.7 100;97559.7 105;97559.7 117;93959.7 137;97559.7 157;93959.7 203;97559.7 233;93959.7 261;97559.7 264;97559.7 280;90359.7 294;97559.7 300;90359.7 338;97559.7 342;93959.7 345;93959.7 364;97559.7 373;97559.7 380;93959.7 
69: 
70: 
71: 
72: 17;97559.7 52;86759.7 93;97559.7 94;97559.7 125;97559.7 132;97559.7 135;97559.7 141;97559.7 145;97559.7 164;97559.7 182;86759.7 185;97559.7 190;97559.7 194;97559.7 197;86759.7 201;90359.7 233;97559.7 246;86759.7 290;97559.7 340;90359.7 347;97559.7 361;86759.7 365;90359.7 375;90359.7 389;97559.7 
73: 
74: 
75: 
76: 
77: 66;97559.7 80;97559.7 131;97559.7 134;97559.7 147;97559.7 185;97559.7 197;97559.7 204;97559.7 226;97559.7 246;97559.7 275;97559.7 340;97559.7 347;97559.7 370;97559.7 375;97559.7 400;97559.7 
78: 
79: 
80: 
81: 
82: 14;97559.7 38;97559.7 51;97559.7 58;93959.7 81;97559.7 102;97559.7 106;93959.7 114;97559.7 132;97559.7 136;97559.7 139;97559.7 144;97559.7 164;93959.7 167;97559.7 201;93959.7 242;97559.7 269;97559.7 300;97559.7 303;97559.7 326;93959.7 377;93959.7 384;97559.7 389;97559.7 391;97559.7 
83: 
84: 
85: 
86: 6;97559.7 82;97559.7 104;97559.7 107;97559.7 115;97559.7 117;97559.7 119;97559.7 149;97559.7 207;97559.7 211;97559.7 256;97559.7 314;97559.7 317;97559.7 342;97559.7 350;97559.7 369;97559.7 
87: 
88: 
89: 
90: 
91: 
92: 
93: 
94: 22;97559.7 47;97559.7 56;93959.7 60;97559.7 68;97559.7 114;90359.7 175;97559.7 194;90359.7 209;97559.7 227;97559.7 232;93959.7 233;97559.7 254;97559.7 260;93959.7 262;97559.7 264;97559.7 267;90359.7 296;97559.7 335;97559.7 345;97559.7 364;97559.7 373;93959.7 393;97559.7 394;93959.7 400;93959.7 
95: 21;97559.7 91;97559.7 114;97559.7 153;97559.7 167;97559.7 201;97559.7 240;97559.7 254;97559.7 272;97559.7 281;97559.7 294;97559.7 303;97559.7 320;97559.7 
96: 
97: 
98: 
99: 
100: 38;93959.7 55;93959.7 67;93959.7 97;93959.7 117;93959.7 123;93959.7 199;93959.7 293;93959.7 318;93959.7 
101: 
102: 
103: 
104: 
105: 
106: 
107: 1;97559.7 35;97559.7 46;97559.7 48;97559.7 152;97559.7 153;97559.7 206;97559.7 244;97559.7 294;97559.7 300;97559.7 322;97559.7 348;97559.7 350;97559.7 367;97559.7 389;97559.7 399;97559.7 
108: 
109: 
110: 
111: 2;97559.7 68;97559.7 87;97559.7 90;97559.7 100;97559.7 117;97559.7 137;97559.7 157;97559.7 203;97559.7 264;97559.7 280;97559.7 294;97559.7 342;97559.7 345;97559.7 373;97559.7 380;97559.7 
112: 
113: 
114: 21;97559.7 35;97559.7 48;97559.7 75;97559.7 98;97559.7 113;97559.7 131;97559.7 139;97559.7 141;97559.7 244;97559.7 290;97559.7 300;97559.7 317;97559.7 322;97559.7 323;97559.7 337;97559.7 348;97559.7 367;97559.7 397;97559.7 
115: 
116: 
117: 24;97559.7 35;97559.7 38;97559.7 41;97559.7 80;97559.7 88;97559.7 155;97559.7 158;97559.7 163;97559.7 207;97559.7 246;97559.7 278;97559.7 334;97559.7 340;97559.7 353;97559.7 354;97559.7 370;97559.7 
118: 
119: 21;97559.7 35;97559.7 48;97559.7 81;97559.7 153;97559.7 218;97559.7 240;97559.7 250;97559.7 300;97559.7 322;97559.7 348;97559.7 367;97559.7 383;97559.7 392;97559.7 399;97559.7 
120: 
121: 
122: 
123: 
124: 
125: 
126: 
127: 
128: 
129: 
130: 
131: 
132: 26;97559.7 46;97559.7 72;97559.7 79;97559.7 86;97559.7 114;97559.7 117;97559.7 157;97559.7 199;93959.7 211;97559.7 220;97559.7 276;93959.7 284;97559.7 288;97559.7 301;97559.7 324;97559.7 362;97559.7 372;97559.7 383;93959.7 389;97559.7 400;93959.7 
133: 
134: 0;97559.7 12;97559.7 44;97559.7 98;97559.7 115;97559.7 118;97559.7 157;97559.7 166;97559.7 176;97559.7 204;97559.7 248;97559.7 288;97559.7 293;97559.7 354;97559.7 374;97559.7 
135: 24;93959.7 43;90359.7 57;93959.7 63;93959.7 67;90359.7 89;93959.7 91;93959.7 111;90359.7 114;93959.7 138;93959.7 155;93959.7 163;93959.7 169;90359.7 202;93959.7 222;90359.7 236;93959.7 237;90359.7 265;90359.7 267;93959.7 322;93959.7 337;93959.7 339;90359.7 347;93959.7 360;93959.7 
136: 
137: 
138: 22;97559.7 57;93959.7 67;97559.7 89;97559.7 114;93959.7 155;97559.7 163;97559.7 169;97559.7 202;97559.7 222;97559.7 236;97559.7 243;97559.7 267;97559.7 278;97559.7 285;97559.7 287;97559.7 289;93959.7 322;90359.7 334;97559.7 337;93959.7 353;97559.7 354;97559.7 
139: 
140: 
141: 
142: 
143: 
144: 21;97559.7 27;97559.7 38;97559.7 81;97559.7 153;97559.7 159;97559.7 167;97559.7 201;97559.7 215;97559.7 235;97559.7 250;97559.7 254;97559.7 274;97559.7 300;97559.7 303;97559.7 
145: 15;93959.7 58;93959.7 161;93959.7 167;93959.7 169;93959.7 216;93959.7 220;93959.7 230;93959.7 253;93959.7 278;93959.7 281;93959.7 326;93959.7 350;93959.7 377;93959.7 391;93959.7 
146: 
147: 
148: 
149: 7;97559.7 73;97559.7 86;97559.7 119;97559.7 123;97559.7 181;97559.7 189;97559.7 193;97559.7 197;97559.7 245;97559.7 346;97559.7 351;97559.7 365;97559.7 376;97559.7 
150: 5;97559.7 31;97559.7 47;97559.7 54;97559.7 80;97559.7 91;97559.7 134;97559.7 183;97559.7 219;97559.7 222;97559.7 226;97559.7 236;97559.7 246;97559.7 260;97559.7 314;97559.7 345;97559.7 350;97559.7 
151: 
152: 
153: 
154: 
155: 
156: 
157: 
158: 
159: 
160: 
161: 
162: 
163: 
164: 4;86759.7 23;86759.7 38;90359.7 53;90359.7 58;90359.7 82;90359.7 92;90359.7 100;90359.7 114;86759.7 136;90359.7 161;86759.7 166;86759.7 202;90359.7 220;90359.7 230;90359.7 240;90359.7 248;90359.7 269;90359.7 300;86759.7 309;86759.7 333;86759.7 336;90359.7 377;90359.7 393;90359.7 
165: 
166: 7;97559.7 14;97559.7 22;97559.7 24;97559.7 29;97559.7 35;97559.7 38;97559.7 67;97559.7 68;97559.7 69;97559.7 92;97559.7 100;93959.7 137;90359.7 142;97559.7 195;97559.7 227;90359.7 320;97559.7 335;93959.7 345;97559.7 364;97559.7 373;97559.7 380;97559.7 391;97559.7 394;97559.7 
167: 
168: 
169: 
170: 
171: 
172: 
173: 
174: 
175: 
176: 7;97559.7 14;97559.7 22;97559.7 46;97559.7 62;97559.7 68;97559.7 92;97559.7 100;97559.7 147;97559.7 209;97559.7 220;97559.7 227;97559.7 269;97559.7 335;97559.7 345;97559.7 373;97559.7 391;97559.7 400;97559.7 
177: 
178: 
179: 
180: 
181: 39;97559.7 51;97559.7 72;97559.7 82;97559.7 101;97559.7 123;97559.7 152;97559.7 153;97559.7 195;97559.7 198;97559.7 245;97559.7 293;97559.7 301;97559.7 376;97559.7 385;97559.7 396;97559.7 
182: 
183: 
184: 
185: 37;97559.7 47;97559.7 56;93959.7 60;97559.7 66;93959.7 76;93959.7 78;93959.7 90;97559.7 114;97559.7 146;93959.7 149;97559.7 175;97559.7 211;93959.7 264;97559.7 272;97559.7 296;97559.7 335;97559.7 345;97559.7 373;93959.7 393;93959.7 394;97559.7 400;97559.7 
186: 
187: 
188: 
189: 
190: 
191: 
192: 
193: 
194: 
195: 
196: 
197: 
198: 
199: 
200: 
201: 19;97559.7 37;97559.7 56;97559.7 78;97559.7 105;97559.7 157;97559.7 262;97559.7 267;97559.7 291;97559.7 294;97559.7 296;97559.7 314;97559.7 360;97559.7 365;97559.7 373;97559.7 
202: 
203: 
204: 
205: 16;97559.7 51;97559.7 83;97559.7 89;97559.7 102;97559.7 108;97559.7 185;97559.7 201;97559.7 244;97559.7 258;97559.7 259;97559.7 275;97559.7 340;97559.7 347;97559.7 396;97559.7 
206: 
207: 
208: 
209: 
210: 
211: 50;97559.7 58;97559.7 64;97559.7 76;97559.7 82;97559.7 106;97559.7 108;97559.7 114;97559.7 167;97559.7 169;97559.7 230;97559.7 240;97559.7 309;97559.7 314;97559.7 326;97559.7 367;97559.7 377;97559.7 391;97559.7 
212: 
213: 
214: 
215: 
216: 
217: 
218: 
219: 10;97559.7 12;97559.7 21;97559.7 45;97559.7 69;97559.7 119;97559.7 125;97559.7 185;97559.7 194;97559.7 197;97559.7 323;97559.7 347;97559.7 365;97559.7 392;97559.7 
220: 
221: 
222: 
223: 
224: 
225: 
226: 
227: 
228: 
229: 
230: 
231: 
232: 31;97559.7 66;97559.7 131;97559.7 134;97559.7 147;97559.7 190;97559.7 197;97559.7 204;97559.7 222;97559.7 226;97559.7 244;97559.7 246;97559.7 275;97559.7 301;97559.7 314;97559.7 330;97559.7 340;97559.7 347;97559.7 
233: 8;97559.7 48;93959.7 64;93959.7 75;93959.7 96;97559.7 98;97559.7 112;97559.7 113;97559.7 131;93959.7 211;97559.7 234;97559.7 290;97559.7 337;97559.7 339;97559.7 343;93959.7 348;97559.7 363;97559.7 367;97559.7 372;93959.7 377;97559.7 383;97559.7 389;97559.7 399;97559.7 
234: 
235: 
236: 
237: 
238: 
239: 
240: 15;97559.7 38;97559.7 58;97559.7 62;93959.7 82;97559.7 100;97559.7 106;93959.7 136;97559.7 166;97559.7 167;93959.7 169;97559.7 201;93959.7 220;93959.7 230;97559.7 248;97559.7 269;97559.7 300;97559.7 309;97559.7 321;93959.7 326;97559.7 391;97559.7 
241: 
242: 
243: 
244: 10;97559.7 13;97559.7 54;93959.7 68;97559.7 71;97559.7 101;97559.7 112;97559.7 128;93959.7 155;97559.7 163;97559.7 233;97559.7 236;97559.7 265;93959.7 275;97559.7 290;97559.7 315;97559.7 317;97559.7 337;97559.7 342;97559.7 354;93959.7 365;93959.7 
245: 
246: 24;97559.7 88;97559.7 94;97559.7 132;97559.7 163;97559.7 265;97559.7 340;97559.7 370;97559.7 
247: 
248: 21;93959.7 38;97559.7 51;97559.7 75;97559.7 91;97559.7 114;97559.7 131;97559.7 139;97559.7 159;93959.7 167;93959.7 201;97559.7 217;97559.7 240;97559.7 254;93959.7 260;97559.7 269;93959.7 272;90359.7 281;97559.7 289;97559.7 294;97559.7 303;97559.7 319;97559.7 320;97559.7 392;97559.7 
249: 
250: 
251: 
252: 
253: 3;97559.7 24;97559.7 29;97559.7 47;97559.7 96;97559.7 114;97559.7 155;97559.7 157;97559.7 274;97559.7 284;97559.7 297;97559.7 334;97559.7 338;97559.7 356;97559.7 361;97559.7 370;97559.7 378;97559.7 
254: 
255: 
256: 
257: 
258: 
259: 
260: 
261: 6;97559.7 22;93959.7 38;97559.7 46;97559.7 60;97559.7 61;97559.7 86;97559.7 104;97559.7 115;97559.7 149;97559.7 162;97559.7 191;97559.7 229;97559.7 288;93959.7 302;97559.7 308;97559.7 342;97559.7 367;97559.7 
262: 
263: 
264: 21;90359.7 35;90359.7 48;90359.7 52;90359.7 64;90359.7 73;90359.7 75;90359.7 98;90359.7 146;90359.7 260;90359.7 290;90359.7 300;90359.7 317;90359.7 332;90359.7 348;90359.7 350;90359.7 374;90359.7 
265: 72;93959.7 93;97559.7 125;93959.7 131;97559.7 135;97559.7 164;97559.7 185;97559.7 190;97559.7 194;97559.7 197;97559.7 201;97559.7 225;97559.7 228;97559.7 246;93959.7 314;93959.7 340;97559.7 347;97559.7 365;97559.7 369;93959.7 375;97559.7 385;97559.7 
266: 
267: 
268: 
269: 
270: 
271: 
272: 
273: 
274: 
275: 
276: 
277: 
278: 
279: 
280: 60;97559.7 68;97559.7 78;97559.7 119;97559.7 157;97559.7 201;97559.7 209;97559.7 227;97559.7 238;97559.7 254;97559.7 260;97559.7 262;97559.7 264;97559.7 267;97559.7 360;97559.7 364;97559.7 397;97559.7 
281: 
282: 
283: 
284: 
285: 7;97559.7 39;97559.7 73;97559.7 119;97559.7 123;97559.7 146;97559.7 193;97559.7 198;97559.7 245;97559.7 293;97559.7 346;97559.7 347;97559.7 351;97559.7 376;97559.7 389;97559.7 396;97559.7 
286: 
287: 
288: 
289: 
290: 0;97559.7 38;93959.7 44;97559.7 52;97559.7 58;97559.7 98;97559.7 100;97559.7 106;97559.7 114;97559.7 136;97559.7 204;97559.7 205;93959.7 206;97559.7 248;97559.7 283;97559.7 293;97559.7 300;97559.7 353;97559.7 354;97559.7 365;97559.7 377;93959.7 386;97559.7 391;97559.7 
291: 
292: 39;97559.7 51;97559.7 81;97559.7 86;97559.7 119;97559.7 146;97559.7 152;97559.7 165;97559.7 172;97559.7 198;97559.7 211;97559.7 234;97559.7 245;97559.7 284;97559.7 301;97559.7 385;97559.7 396;97559.7 400;97559.7 
293: 
294: 
295: 
296: 
297: 
298: 
299: 
300: 
301: 
302: 
303: 
304: 
305: 
306: 
307: 
308: 
309: 
310: 
311: 
312: 
313: 
314: 48;97559.7 64;97559.7 75;97559.7 96;97559.7 98;97559.7 131;97559.7 234;97559.7 317;97559.7 322;97559.7 337;97559.7 339;97559.7 348;97559.7 363;97559.7 372;97559.7 377;97559.7 399;97559.7 
315: 38;97559.7 47;97559.7 130;97559.7 144;97559.7 150;97559.7 152;97559.7 155;97559.7 157;97559.7 163;97559.7 207;97559.7 253;97559.7 265;97559.7 327;97559.7 334;97559.7 353;97559.7 354;97559.7 392;97559.7 
316: 
317: 13;93959.7 38;97559.7 47;97559.7 54;97559.7 68;97559.7 71;97559.7 94;97559.7 112;97559.7 155;97559.7 163;93959.7 219;97559.7 253;97559.7 265;97559.7 290;97559.7 334;93959.7 337;97559.7 353;93959.7 354;97559.7 365;97559.7 382;97559.7 
318: 0;97559.7 5;97559.7 17;97559.7 35;97559.7 48;97559.7 114;97559.7 124;97559.7 187;97559.7 304;97559.7 322;97559.7 344;97559.7 383;97559.7 390;97559.7 392;97559.7 
319: 21;97559.7 35;97559.7 81;97559.7 114;97559.7 139;97559.7 153;97559.7 159;93959.7 167;97559.7 201;97559.7 217;93959.7 231;97559.7 237;97559.7 240;97559.7 242;97559.7 243;93959.7 250;97559.7 254;93959.7 281;93959.7 289;93959.7 300;97559.7 303;97559.7 383;97559.7 392;97559.7 399;97559.7 
320: 
321: 
322: 
323: 
324: 
325: 
326: 0;97559.7 58;97559.7 62;97559.7 82;97559.7 98;97559.7 100;97559.7 106;97559.7 114;97559.7 166;97559.7 167;97559.7 176;97559.7 269;97559.7 283;97559.7 336;97559.7 377;97559.7 391;97559.7 
327: 
328: 
329: 
330: 0;97559.7 38;97559.7 39;97559.7 44;97559.7 58;97559.7 82;97559.7 98;97559.7 100;97559.7 106;97559.7 136;97559.7 166;97559.7 167;97559.7 230;97559.7 240;97559.7 248;97559.7 391;97559.7 
331: 
332: 25;97559.7 36;97559.7 58;97559.7 121;97559.7 142;97559.7 193;97559.7 244;97559.7 246;97559.7 250;93959.7 282;93959.7 299;97559.7 308;93959.7 309;97559.7 312;93959.7 321;97559.7 326;97559.7 337;97559.7 373;93959.7 400;97559.7 
333: 
334: 13;97559.7 20;97559.7 38;93959.7 46;93959.7 65;97559.7 68;97559.7 87;97559.7 89;93959.7 137;97559.7 148;97559.7 157;93959.7 179;97559.7 181;97559.7 203;97559.7 240;97559.7 280;97559.7 292;97559.7 298;97559.7 324;97559.7 353;93959.7 361;93959.7 
335: 52;90359.7 93;90359.7 132;90359.7 135;90359.7 145;90359.7 164;90359.7 190;90359.7 194;90359.7 201;90359.7 220;90359.7 233;90359.7 246;90359.7 340;90359.7 347;90359.7 361;90359.7 365;90359.7 
336: 
337: 
338: 3;93959.7 11;97559.7 24;93959.7 46;93959.7 47;97559.7 80;97559.7 114;93959.7 155;97559.7 157;93959.7 158;97559.7 163;93959.7 169;93959.7 207;97559.7 246;97559.7 274;97559.7 278;97559.7 284;93959.7 334;97559.7 341;97559.7 361;97559.7 370;97559.7 378;97559.7 
339: 
340: 
341: 
342: 11;93959.7 16;97559.7 21;97559.7 24;97559.7 35;97559.7 41;97559.7 67;97559.7 81;97559.7 94;97559.7 155;97559.7 158;93959.7 159;97559.7 163;93959.7 237;97559.7 243;97559.7 250;97559.7 254;97559.7 262;93959.7 285;97559.7 287;93959.7 353;97559.7 354;97559.7 392;97559.7 
343: 35;93959.7 48;97559.7 81;97559.7 102;97559.7 114;97559.7 139;97559.7 152;97559.7 153;97559.7 201;93959.7 218;97559.7 220;97559.7 230;97559.7 240;97559.7 242;97559.7 250;93959.7 300;93959.7 348;97559.7 383;97559.7 389;97559.7 391;97559.7 399;97559.7 
344: 
345: 
346: 
347: 
348: 
349: 
350: 
351: 
352: 
353: 
354: 
355: 
356: 
357: 
358: 12;97559.7 47;97559.7 60;97559.7 77;97559.7 119;97559.7 157;97559.7 227;97559.7 238;97559.7 260;97559.7 264;97559.7 267;97559.7 296;97559.7 314;97559.7 335;97559.7 373;97559.7 397;97559.7 
359: 
360: 
361: 
362: 
363: 21;97559.7 98;97559.7 131;97559.7 139;97559.7 141;97559.7 153;97559.7 244;97559.7 290;97559.7 294;97559.7 300;97559.7 322;97559.7 323;97559.7 339;97559.7 367;97559.7 383;97559.7 397;97559.7 399;97559.7 
364: 80;93959.7 134;93959.7 185;93959.7 190;93959.7 204;93959.7 222;93959.7 244;93959.7 246;93959.7 275;93959.7 301;93959.7 314;93959.7 330;93959.7 340;93959.7 347;93959.7 370;93959.7 400;93959.7 
365: 
366: 
367: 
368: 
369: 
370: 
371: 
372: 
373: 15;90359.7 38;93959.7 58;93959.7 62;97559.7 82;90359.7 106;97559.7 114;97559.7 136;97559.7 166;93959.7 167;97559.7 169;97559.7 201;90359.7 220;93959.7 230;97559.7 248;93959.7 269;97559.7 300;97559.7 309;93959.7 321;97559.7 322;97559.7 326;97559.7 336;93959.7 377;97559.7 391;97559.7 
374: 38;93959.7 58;97559.7 62;97559.7 82;97559.7 100;97559.7 114;97559.7 136;97559.7 166;97559.7 220;97559.7 230;97559.7 248;97559.7 269;97559.7 300;97559.7 309;97559.7 321;97559.7 322;97559.7 336;97559.7 377;93959.7 
375: 
376: 
377: 21;97559.7 35;97559.7 81;97559.7 114;97559.7 139;97559.7 153;97559.7 201;97559.7 218;97559.7 220;97559.7 240;97559.7 250;97559.7 300;97559.7 348;97559.7 367;97559.7 383;97559.7 389;97559.7 391;97559.7 392;97559.7 
378: 
379: 
380: 
381: 
382: 
383: 
384: 
385: 113;97559.7 139;97559.7 141;97559.7 153;97559.7 244;97559.7 290;97559.7 294;97559.7 300;97559.7 322;97559.7 323;97559.7 339;97559.7 348;97559.7 350;97559.7 383;97559.7 399;97559.7 
386: 
387: 
388: 
389: 
390: 
391: 31;97559.7 39;97559.7 84;97559.7 145;97559.7 159;97559.7 178;97559.7 203;97559.7 245;97559.7 345;97559.7 
392: 
393: 57;97559.7 63;97559.7 165;97559.7 174;97559.7 213;97559.7 232;97559.7 239;97559.7 348;97559.7 379;97559.7 392;97559.7 
394: 10;97559.7 22;93959.7 38;97559.7 56;97559.7 60;90359.7 62;97559.7 68;97559.7 100;97559.7 114;97559.7 208;93959.7 209;97559.7 220;93959.7 227;97559.7 233;93959.7 262;97559.7 264;93959.7 309;97559.7 322;93959.7 335;97559.7 336;97559.7 345;97559.7 364;93959.7 373;93959.7 380;93959.7 400;93959.7 
395: 
396: 
397: 
398: 
399: 15;97559.7 21;97559.7 58;97559.7 102;97559.7 106;97559.7 166;97559.7 220;97559.7 230;97559.7 237;97559.7 240;97559.7 250;97559.7 254;97559.7 281;97559.7 319;97559.7 392;97559.7 
400: 
