0: 7;108360 12;111960 14;115560 22;111960 35;115560 46;115560 58;111960 68;111960 92;115560 100;115560 147;115560 195;111960 201;115560 209;115560 227;115560 233;115560 335;115560 336;111960 345;111960 364;115560 373;115560 380;111960 391;115560 394;115560 400;115560 
1: 5;115560 17;111960 35;115560 38;115560 52;108360 104;115560 109;115560 112;111960 124;115560 143;115560 156;108360 191;115560 214;115560 236;115560 238;115560 267;111960 284;111960 290;111960 291;115560 296;115560 377;115560 379;111960 385;111960 389;115560 390;115560 
2: 21;111960 62;111960 73;108360 82;108360 98;111960 106;111960 111;104760 136;108360 167;111960 170;108360 176;104760 182;111960 217;111960 230;111960 240;101160 248;111960 263;108360 265;108360 266;97559.7 269;111960 301;108360 326;108360 336;108360 377;111960 380;108360 
3: 11;111960 34;111960 39;115560 51;115560 72;115560 82;115560 89;111960 101;115560 108;115560 123;115560 152;111960 153;115560 178;115560 184;115560 195;115560 198;111960 211;111960 245;115560 293;111960 301;115560 376;111960 383;115560 385;115560 396;101160 400;115560 
4: 
5: 56;108360 60;108360 68;108360 78;101160 83;108360 96;108360 119;101160 121;108360 146;108360 157;101160 172;108360 209;108360 234;108360 262;108360 264;101160 292;101160 296;108360 335;108360 347;108360 358;108360 383;108360 387;108360 
6: 
7: 
8: 
9: 
10: 4;108360 13;115560 17;111960 68;111960 87;115560 93;115560 95;111960 127;111960 137;115560 141;115560 157;111960 164;111960 185;115560 201;115560 203;115560 240;115560 275;115560 280;115560 285;108360 290;115560 342;115560 347;115560 353;115560 361;111960 365;115560 
11: 
12: 20;115560 63;115560 65;115560 66;115560 89;115560 112;115560 125;115560 126;115560 138;115560 148;115560 149;115560 165;115560 181;115560 218;115560 298;115560 336;115560 346;115560 365;115560 396;115560 
13: 21;97559.7 30;97559.7 78;97559.7 81;97559.7 108;97559.7 110;97559.7 153;97559.7 233;97559.7 240;97559.7 259;97559.7 294;97559.7 334;97559.7 343;97559.7 348;97559.7 383;97559.7 399;97559.7 
14: 15;104760 20;111960 38;111960 43;115560 80;115560 100;111960 106;115560 114;111960 119;115560 136;115560 155;115560 166;115560 167;111960 169;115560 201;111960 230;111960 248;111960 269;115560 270;115560 300;115560 321;115560 322;115560 358;115560 373;115560 377;115560 
15: 
16: 
17: 38;108360 72;104760 88;108360 93;108360 94;104760 115;108360 125;104760 135;104760 190;108360 194;108360 197;104760 201;108360 225;108360 246;108360 340;108360 358;108360 365;108360 369;108360 
18: 
19: 
20: 1;111960 21;115560 32;115560 54;115560 63;115560 67;115560 79;111960 91;111960 111;115560 149;111960 155;115560 157;115560 177;115560 191;115560 211;115560 220;111960 229;115560 260;115560 313;111960 317;111960 322;115560 337;111960 372;115560 395;108360 
21: 
22: 
23: 41;111960 66;115560 72;115560 77;115560 93;101160 132;108360 136;115560 147;111960 150;115560 160;115560 161;111960 194;115560 195;111960 205;115560 225;115560 238;115560 239;115560 290;115560 319;115560 337;115560 345;115560 369;115560 379;111960 389;115560 396;115560 
24: 
25: 22;111960 24;115560 29;111960 35;115560 38;115560 46;115560 64;115560 67;108360 69;115560 100;115560 137;115560 142;115560 227;115560 244;108360 269;111960 282;104760 299;115560 308;115560 320;115560 335;115560 337;115560 374;115560 391;104760 393;111960 400;115560 
26: 
27: 
28: 7;115560 12;111960 14;115560 22;108360 35;115560 46;111960 62;115560 68;115560 92;115560 100;115560 147;111960 195;111960 209;111960 220;111960 227;111960 233;115560 269;111960 335;115560 345;115560 364;115560 373;115560 380;111960 391;115560 394;115560 400;115560 
29: 
30: 
31: 
32: 3;115560 6;111960 11;111960 47;115560 56;111960 75;115560 78;111960 80;111960 85;115560 114;111960 155;115560 158;115560 211;115560 232;115560 233;111960 234;115560 246;115560 262;108360 267;111960 278;115560 282;115560 314;111960 334;115560 354;115560 394;111960 
33: 
34: 
35: 1;115560 21;115560 30;111960 34;111960 46;104760 48;111960 78;111960 81;115560 108;111960 110;111960 141;111960 153;115560 206;115560 233;115560 240;115560 259;111960 294;115560 334;104760 342;108360 343;115560 348;115560 354;115560 383;115560 389;111960 399;115560 
36: 11;115560 34;115560 78;115560 82;115560 101;115560 152;115560 153;115560 165;115560 184;115560 198;115560 211;115560 236;115560 245;115560 267;115560 272;115560 285;115560 385;115560 391;115560 396;115560 
37: 
38: 1;111960 34;115560 46;115560 84;108360 98;115560 104;115560 107;111960 113;115560 115;115560 119;115560 141;115560 162;115560 175;115560 191;115560 206;111960 210;115560 211;111960 223;111960 294;115560 342;115560 350;108360 367;111960 369;115560 382;115560 385;111960 
39: 
40: 
41: 24;111960 38;108360 47;111960 72;104760 79;111960 86;108360 94;104760 102;111960 157;111960 158;111960 163;111960 199;104760 207;108360 276;111960 278;111960 285;111960 301;108360 334;111960 340;111960 353;108360 354;111960 362;104760 370;111960 383;111960 400;104760 
42: 
43: 10;115560 13;115560 21;115560 35;108360 68;115560 77;108360 81;111960 98;111960 101;115560 128;115560 145;115560 154;115560 155;115560 170;115560 175;104760 233;115560 236;115560 244;115560 265;108360 275;101160 290;111960 334;115560 342;115560 365;111960 378;108360 
44: 
45: 17;115560 35;115560 52;108360 91;111960 92;115560 100;115560 101;111960 102;115560 109;108360 141;115560 145;108360 195;115560 197;115560 207;111960 214;115560 236;115560 237;111960 238;115560 290;115560 291;111960 322;115560 329;111960 357;115560 379;115560 390;115560 
46: 
47: 
48: 
49: 
50: 
51: 
52: 
53: 
54: 31;111960 66;115560 80;115560 122;111960 131;115560 134;115560 147;111960 185;108360 190;115560 197;115560 204;108360 222;115560 226;101160 236;111960 244;115560 246;115560 275;101160 301;115560 314;115560 330;115560 340;111960 347;115560 370;111960 375;115560 400;115560 
55: 29;111960 42;111960 44;111960 58;104760 62;104760 82;104760 139;111960 145;111960 158;111960 170;111960 175;111960 186;111960 203;111960 226;111960 232;104760 250;104760 254;111960 260;111960 266;111960 267;111960 327;104760 343;111960 
56: 2;111960 10;115560 13;104760 59;111960 68;111960 87;111960 90;108360 100;115560 105;115560 117;111960 137;111960 157;115560 203;115560 233;115560 261;115560 264;104760 266;111960 280;115560 294;115560 338;115560 342;115560 345;111960 364;115560 373;115560 380;115560 
57: 3;115560 24;115560 35;115560 46;115560 71;115560 94;115560 121;115560 157;115560 158;115560 160;111960 163;115560 169;115560 216;111960 255;115560 278;115560 317;111960 334;115560 366;111960 370;115560 375;111960 382;115560 
58: 14;104760 27;104760 38;104760 51;104760 81;104760 107;104760 114;104760 130;97559.7 132;104760 144;104760 164;104760 201;104760 207;104760 231;104760 235;101160 240;101160 242;104760 250;104760 274;104760 289;104760 300;104760 303;93959.7 319;104760 383;101160 384;101160 
59: 
60: 1;115560 21;111960 34;115560 46;101160 48;115560 81;115560 102;93959.7 139;115560 141;111960 152;115560 153;111960 206;115560 218;115560 242;111960 244;115560 294;115560 300;115560 322;115560 342;111960 343;115560 350;115560 367;115560 383;108360 389;115560 399;115560 
61: 
62: 
63: 99;104760 167;104760 210;104760 217;104760 222;104760 276;104760 289;104760 344;104760 378;104760 
64: 
65: 
66: 
67: 4;115560 13;104760 52;115560 68;111960 87;115560 95;115560 127;111960 132;115560 135;115560 137;111960 157;115560 164;115560 182;111960 203;115560 240;115560 275;111960 280;115560 285;115560 290;111960 340;115560 342;111960 353;115560 361;115560 375;115560 389;115560 
68: 2;104760 10;115560 13;115560 59;115560 87;115560 90;115560 100;115560 105;115560 117;115560 137;115560 157;108360 203;111960 233;111960 261;115560 264;115560 266;111960 280;108360 294;111960 300;115560 338;115560 342;111960 345;115560 364;115560 373;104760 380;115560 
69: 
70: 
71: 31;108360 80;108360 131;108360 134;108360 185;108360 190;108360 197;108360 226;108360 236;108360 244;108360 246;108360 275;108360 314;108360 340;108360 347;108360 370;108360 375;108360 
72: 17;97559.7 52;86759.7 93;97559.7 94;97559.7 125;97559.7 132;97559.7 135;97559.7 141;97559.7 145;97559.7 164;97559.7 182;86759.7 185;97559.7 190;97559.7 194;97559.7 197;86759.7 201;90359.7 233;97559.7 246;86759.7 290;97559.7 340;90359.7 347;97559.7 361;86759.7 365;90359.7 375;90359.7 389;97559.7 
73: 52;111960 77;111960 93;111960 132;108360 135;111960 141;111960 164;108360 185;111960 190;108360 194;111960 197;104760 205;104760 215;111960 231;111960 233;111960 246;111960 290;108360 301;111960 337;111960 350;104760 365;108360 369;111960 377;111960 389;108360 
74: 
75: 
76: 
77: 66;97559.7 80;97559.7 131;97559.7 134;97559.7 147;97559.7 185;97559.7 197;97559.7 204;97559.7 226;97559.7 246;97559.7 275;97559.7 340;97559.7 347;97559.7 370;97559.7 375;97559.7 400;97559.7 
78: 22;101160 47;101160 68;101160 209;101160 232;101160 254;101160 260;101160 262;101160 267;101160 335;101160 345;101160 373;101160 393;101160 
79: 
80: 3;115560 46;115560 169;115560 186;115560 197;115560 206;115560 234;115560 246;115560 341;115560 345;115560 361;115560 387;115560 388;115560 
81: 
82: 14;115560 35;111960 38;115560 51;115560 58;111960 81;115560 102;115560 106;115560 114;108360 132;104760 136;115560 139;115560 144;115560 164;115560 167;115560 201;111960 242;115560 269;111960 300;115560 303;111960 326;115560 377;115560 384;111960 389;111960 391;115560 
83: 
84: 
85: 31;115560 32;115560 66;115560 83;111960 102;108360 108;111960 122;115560 147;115560 151;115560 159;115560 230;111960 231;115560 240;115560 275;115560 283;111960 295;111960 321;115560 322;115560 326;115560 341;115560 348;115560 365;115560 370;115560 
86: 1;111960 6;111960 23;111960 34;104760 46;111960 82;111960 104;111960 107;111960 115;108360 117;108360 119;111960 141;101160 149;111960 150;111960 157;108360 191;111960 207;108360 211;111960 256;111960 314;104760 317;111960 342;111960 350;108360 367;111960 369;108360 
87: 
88: 
89: 
90: 
91: 
92: 
93: 
94: 22;108360 47;115560 56;111960 60;111960 68;104760 114;115560 175;115560 194;115560 209;115560 227;115560 232;115560 233;115560 254;115560 260;115560 262;115560 264;115560 267;111960 296;111960 335;115560 345;111960 364;115560 373;115560 393;115560 394;115560 400;115560 
95: 21;97559.7 91;97559.7 114;97559.7 153;97559.7 167;97559.7 201;97559.7 240;97559.7 254;97559.7 272;97559.7 281;97559.7 294;97559.7 303;97559.7 320;97559.7 
96: 
97: 
98: 
99: 0;115560 12;115560 38;108360 44;115560 98;108360 100;115560 106;115560 114;115560 115;115560 118;115560 136;115560 157;115560 166;108360 176;108360 204;115560 248;115560 288;111960 290;111960 293;111960 302;115560 337;115560 354;108360 374;115560 386;115560 
100: 38;93959.7 55;93959.7 67;93959.7 97;93959.7 117;93959.7 123;93959.7 199;93959.7 293;93959.7 318;93959.7 
101: 
102: 
103: 
104: 16;104760 51;101160 83;104760 102;104760 108;104760 131;104760 133;101160 185;101160 201;104760 218;101160 223;104760 226;104760 256;104760 258;104760 259;104760 275;104760 323;104760 346;101160 347;104760 396;104760 
105: 11;111960 24;111960 47;111960 80;111960 114;111960 155;111960 157;111960 158;111960 163;111960 207;111960 246;111960 284;111960 354;111960 361;111960 
106: 
107: 1;111960 21;115560 34;115560 35;115560 46;115560 48;111960 139;115560 141;115560 152;115560 153;115560 206;115560 218;115560 244;115560 294;108360 300;115560 322;115560 342;108360 343;111960 348;111960 350;111960 367;115560 383;104760 389;115560 399;104760 
108: 
109: 37;115560 40;115560 46;115560 90;115560 140;111960 157;115560 158;111960 159;115560 160;111960 164;111960 169;115560 172;111960 196;115560 226;111960 246;111960 252;111960 267;115560 280;115560 298;111960 304;108360 307;115560 338;115560 370;115560 378;115560 
110: 
111: 2;104760 10;111960 13;111960 59;111960 68;111960 87;115560 90;115560 100;115560 105;104760 117;115560 137;115560 157;115560 203;115560 233;115560 261;108360 264;115560 266;111960 280;108360 294;115560 338;115560 342;115560 345;115560 364;115560 373;115560 380;115560 
112: 
113: 1;111960 21;115560 34;115560 35;111960 46;111960 48;115560 139;115560 141;111960 152;115560 153;111960 201;115560 218;111960 244;115560 294;115560 300;115560 322;115560 342;111960 343;115560 348;108360 350;111960 367;115560 383;108360 389;115560 399;115560 
114: 21;97559.7 35;97559.7 48;97559.7 75;97559.7 98;97559.7 113;97559.7 131;97559.7 139;97559.7 141;97559.7 244;97559.7 290;97559.7 300;97559.7 317;97559.7 322;97559.7 323;97559.7 337;97559.7 348;97559.7 367;97559.7 397;97559.7 
115: 
116: 
117: 24;97559.7 35;97559.7 38;97559.7 41;97559.7 80;97559.7 88;97559.7 155;97559.7 158;97559.7 163;97559.7 207;97559.7 246;97559.7 278;97559.7 334;97559.7 340;97559.7 353;97559.7 354;97559.7 370;97559.7 
118: 
119: 21;111960 35;111960 48;108360 81;115560 102;115560 114;115560 139;115560 152;115560 153;101160 201;115560 218;108360 220;115560 230;115560 240;115560 242;115560 250;115560 300;115560 322;115560 348;108360 367;111960 383;115560 389;115560 391;101160 392;111960 399;111960 
120: 
121: 
122: 31;115560 83;115560 135;115560 147;115560 190;115560 201;115560 226;115560 246;115560 330;115560 347;115560 365;115560 370;115560 396;115560 
123: 
124: 0;115560 7;115560 20;108360 38;115560 65;111960 73;115560 89;115560 119;115560 126;111960 148;115560 179;104760 199;115560 201;115560 220;115560 223;111960 259;115560 273;111960 291;115560 298;111960 301;115560 303;115560 312;115560 350;115560 392;115560 396;111960 
125: 
126: 6;115560 23;115560 34;108360 46;111960 82;111960 107;115560 115;115560 117;115560 119;108360 141;115560 149;111960 150;115560 175;115560 206;111960 207;115560 210;115560 211;108360 223;115560 256;115560 294;115560 314;115560 351;115560 367;111960 382;115560 385;111960 
127: 
128: 
129: 
130: 
131: 
132: 26;97559.7 46;97559.7 72;97559.7 79;97559.7 86;97559.7 114;97559.7 117;97559.7 157;97559.7 199;93959.7 211;97559.7 220;97559.7 276;93959.7 284;97559.7 288;97559.7 301;97559.7 324;97559.7 362;97559.7 372;97559.7 383;93959.7 389;97559.7 400;93959.7 
133: 16;115560 38;111960 51;115560 66;108360 89;115560 93;108360 108;108360 122;115560 131;115560 185;115560 201;108360 218;111960 226;115560 258;108360 259;115560 275;115560 330;115560 340;115560 344;111960 346;111960 347;108360 370;111960 396;115560 
134: 0;101160 12;97559.7 44;97559.7 98;101160 114;101160 115;101160 118;101160 127;101160 157;101160 166;101160 176;101160 204;97559.7 248;101160 288;97559.7 290;101160 293;101160 302;101160 354;101160 374;101160 
135: 24;93959.7 43;90359.7 57;93959.7 63;93959.7 67;90359.7 89;93959.7 91;93959.7 111;90359.7 114;93959.7 138;93959.7 155;93959.7 163;93959.7 169;90359.7 202;93959.7 222;90359.7 236;93959.7 237;90359.7 265;90359.7 267;93959.7 322;93959.7 337;93959.7 339;90359.7 347;93959.7 360;93959.7 
136: 37;111960 47;115560 56;115560 60;115560 66;111960 76;115560 78;115560 90;115560 114;115560 146;115560 149;115560 175;111960 211;108360 232;115560 254;108360 260;108360 264;111960 272;115560 296;115560 335;115560 345;115560 373;115560 393;111960 394;111960 400;115560 
137: 
138: 16;108360 22;108360 24;111960 57;108360 67;111960 80;108360 89;97559.7 114;108360 155;111960 163;111960 169;111960 202;111960 222;111960 236;111960 243;111960 267;111960 278;108360 285;104760 287;111960 289;111960 322;104760 334;111960 337;108360 353;111960 354;111960 
139: 
140: 12;111960 21;111960 48;115560 77;104760 78;115560 81;115560 119;111960 139;115560 152;115560 157;115560 201;104760 218;115560 220;111960 238;115560 240;115560 242;108360 250;115560 314;115560 336;111960 348;115560 360;111960 383;115560 391;111960 397;115560 399;111960 
141: 7;115560 21;115560 32;115560 33;115560 38;115560 51;115560 75;115560 86;108360 91;115560 131;111960 139;108360 167;108360 204;111960 207;115560 217;115560 240;115560 248;108360 254;115560 260;111960 281;111960 289;115560 300;111960 321;115560 392;115560 
142: 40;104760 86;104760 98;104760 119;104760 172;104760 232;104760 245;104760 246;104760 261;104760 278;104760 282;104760 299;104760 308;104760 374;104760 383;104760 387;104760 393;104760 
143: 
144: 21;111960 27;115560 38;115560 51;115560 81;115560 130;115560 153;115560 159;108360 167;115560 201;108360 207;111960 215;115560 231;115560 235;115560 237;111960 240;111960 250;115560 254;108360 274;115560 289;115560 300;115560 303;115560 319;115560 383;108360 392;115560 
145: 15;115560 23;115560 38;111960 58;115560 62;115560 100;115560 106;104760 161;111960 166;111960 167;108360 169;115560 187;115560 201;101160 216;115560 220;115560 230;115560 253;111960 278;115560 281;115560 322;111960 326;115560 350;104760 373;108360 377;111960 391;115560 
146: 76;101160 194;101160 202;101160 217;101160 222;101160 260;101160 331;101160 382;101160 
147: 
148: 
149: 7;115560 39;108360 73;115560 86;115560 119;111960 123;115560 146;108360 165;115560 181;101160 189;115560 193;115560 195;115560 197;115560 198;115560 245;111960 293;108360 301;115560 346;115560 347;115560 351;111960 365;111960 376;115560 385;115560 389;111960 396;111960 
150: 5;115560 31;115560 47;115560 54;115560 66;115560 80;108360 91;115560 131;115560 134;115560 183;111960 204;115560 219;111960 222;115560 223;115560 226;111960 236;111960 246;111960 260;115560 269;115560 275;115560 314;115560 330;115560 345;115560 350;115560 400;115560 
151: 
152: 
153: 
154: 
155: 
156: 1;111960 17;115560 34;115560 38;115560 84;108360 98;111960 101;115560 104;115560 119;115560 143;115560 145;115560 157;111960 191;115560 207;108360 210;108360 214;115560 223;111960 236;115560 237;115560 317;115560 342;115560 350;115560 367;111960 385;115560 
157: 4;115560 13;115560 20;115560 38;115560 46;115560 89;115560 95;115560 148;115560 149;115560 181;115560 275;115560 292;115560 298;115560 301;115560 324;115560 353;115560 
158: 11;111960 34;115560 39;115560 51;111960 72;115560 82;111960 89;115560 101;115560 108;115560 123;115560 152;115560 153;115560 178;115560 184;111960 195;115560 198;108360 211;115560 245;115560 293;115560 301;108360 376;108360 383;111960 385;111960 396;115560 400;111960 
159: 
160: 
161: 
162: 
163: 
164: 4;86759.7 23;86759.7 38;90359.7 53;90359.7 58;90359.7 82;90359.7 92;90359.7 100;90359.7 114;86759.7 136;90359.7 161;86759.7 166;86759.7 202;90359.7 220;90359.7 230;90359.7 240;90359.7 248;90359.7 269;90359.7 300;86759.7 309;86759.7 333;86759.7 336;90359.7 377;90359.7 393;90359.7 
165: 46;115560 72;115560 77;115560 93;111960 100;111960 132;111960 147;115560 150;111960 157;115560 161;115560 195;111960 197;115560 205;115560 209;115560 253;101160 264;115560 290;115560 309;108360 337;111960 352;108360 361;111960 379;111960 380;111960 385;111960 389;115560 
166: 7;111960 14;115560 22;108360 24;111960 29;101160 35;111960 38;115560 67;111960 68;108360 69;115560 92;115560 100;115560 137;108360 142;111960 195;115560 227;108360 233;115560 320;115560 335;104760 345;115560 364;115560 373;115560 380;111960 391;115560 394;115560 
167: 11;115560 24;115560 35;108360 37;111960 40;115560 46;115560 47;115560 140;111960 157;115560 158;111960 169;115560 200;115560 246;111960 256;115560 284;115560 288;111960 301;115560 309;115560 334;111960 338;115560 361;115560 370;115560 378;108360 392;115560 
168: 
169: 
170: 
171: 
172: 21;104760 35;108360 81;108360 110;108360 111;108360 114;108360 139;108360 147;108360 153;108360 161;108360 162;108360 174;104760 199;108360 201;108360 218;104760 220;108360 240;101160 322;108360 357;108360 367;108360 383;108360 392;104760 
173: 
174: 15;108360 23;115560 58;115560 82;108360 136;111960 161;115560 166;115560 167;115560 169;108360 201;115560 216;115560 230;115560 278;111960 281;115560 300;115560 309;111960 322;115560 326;115560 336;115560 345;115560 350;115560 373;115560 377;115560 391;115560 
175: 
176: 7;97559.7 12;115560 14;97559.7 22;115560 46;97559.7 62;115560 68;97559.7 92;115560 100;115560 147;115560 195;115560 209;115560 220;115560 227;115560 233;115560 269;115560 335;97559.7 345;115560 373;97559.7 391;97559.7 400;115560 
177: 21;104760 28;111960 32;111960 38;111960 54;111960 67;111960 69;111960 73;111960 149;108360 159;104760 194;108360 206;111960 220;108360 228;111960 229;108360 237;111960 238;111960 300;104760 313;111960 315;111960 322;111960 384;111960 392;111960 399;111960 
178: 
179: 
180: 
181: 11;115560 34;111960 39;108360 51;108360 72;115560 82;115560 89;101160 101;111960 108;115560 123;115560 152;115560 153;115560 178;115560 184;115560 195;115560 198;115560 211;115560 245;115560 293;115560 301;115560 376;115560 383;115560 385;111960 396;111960 400;115560 
182: 
183: 
184: 
185: 37;97559.7 47;97559.7 56;93959.7 60;97559.7 66;93959.7 76;93959.7 78;93959.7 90;97559.7 114;97559.7 146;93959.7 149;97559.7 175;97559.7 211;93959.7 264;97559.7 272;97559.7 296;97559.7 335;97559.7 345;97559.7 373;93959.7 393;93959.7 394;97559.7 400;97559.7 
186: 
187: 21;115560 35;115560 48;115560 53;115560 59;101160 94;115560 102;111960 114;111960 152;115560 218;115560 220;115560 230;108360 242;115560 274;111960 304;108360 311;115560 314;108360 322;115560 326;115560 336;115560 343;115560 348;108360 367;111960 383;115560 392;115560 
188: 
189: 
190: 
191: 1;115560 21;115560 30;111960 34;108360 35;115560 46;115560 48;115560 78;115560 81;115560 108;111960 110;111960 141;115560 153;115560 206;108360 233;115560 259;115560 334;111960 342;115560 343;115560 348;115560 354;115560 383;115560 389;115560 399;115560 
192: 
193: 
194: 
195: 
196: 41;108360 94;108360 130;108360 152;108360 155;108360 157;108360 163;108360 207;108360 253;108360 267;108360 327;108360 334;108360 340;108360 354;108360 370;108360 
197: 7;101160 12;101160 14;101160 22;101160 68;101160 92;101160 100;101160 147;101160 227;101160 269;101160 335;101160 364;101160 373;101160 380;101160 394;101160 400;101160 
198: 
199: 
200: 31;115560 32;111960 66;111960 83;115560 102;115560 108;104760 114;115560 122;115560 147;115560 151;111960 159;115560 230;111960 231;111960 240;115560 275;115560 283;108360 295;115560 321;108360 322;115560 326;104760 330;108360 341;115560 348;104760 365;111960 370;115560 
201: 12;108360 19;104760 37;108360 56;101160 60;108360 68;101160 78;108360 105;108360 157;108360 209;108360 227;108360 260;108360 262;108360 264;108360 267;108360 291;108360 294;108360 296;104760 314;104760 315;108360 358;104760 360;108360 365;101160 373;104760 397;108360 
202: 
203: 
204: 
205: 16;115560 51;115560 83;111960 89;115560 93;115560 102;115560 108;115560 131;115560 133;111960 185;115560 201;111960 218;115560 223;115560 226;108360 244;115560 256;115560 258;115560 259;115560 275;111960 323;108360 327;115560 340;115560 346;115560 347;108360 396;111960 
206: 
207: 1;115560 34;111960 46;115560 84;115560 104;115560 107;115560 115;108360 119;115560 141;115560 157;111960 162;115560 175;115560 191;108360 206;111960 210;111960 211;115560 223;115560 294;115560 317;115560 342;111960 350;115560 367;115560 369;115560 382;115560 385;115560 
208: 
209: 
210: 
211: 50;115560 58;101160 62;115560 64;115560 76;104760 82;115560 106;115560 108;115560 114;115560 136;115560 167;115560 169;115560 177;111960 201;115560 220;115560 230;111960 240;115560 300;111960 309;115560 314;111960 326;115560 367;111960 377;115560 391;115560 
212: 
213: 
214: 
215: 
216: 7;115560 14;115560 24;115560 35;115560 38;115560 92;115560 100;115560 137;115560 195;115560 233;115560 320;115560 335;115560 345;115560 364;115560 373;115560 380;115560 391;115560 394;115560 
217: 35;111960 43;111960 64;111960 83;115560 93;115560 107;115560 108;108360 150;111960 174;111960 201;115560 231;115560 250;111960 271;115560 277;115560 281;115560 297;108360 322;115560 323;115560 329;115560 332;115560 345;108360 348;111960 363;108360 367;115560 
218: 31;115560 32;115560 66;115560 83;115560 122;115560 147;115560 151;115560 159;115560 230;115560 231;115560 240;115560 275;115560 295;115560 321;115560 322;115560 326;115560 330;115560 348;115560 365;115560 370;115560 
219: 10;108360 12;108360 13;108360 21;104760 45;108360 57;104760 69;108360 119;108360 125;108360 185;104760 194;101160 197;108360 218;108360 225;108360 256;108360 267;108360 272;104760 283;108360 295;108360 298;108360 323;101160 347;104760 362;108360 365;104760 392;108360 
220: 
221: 16;111960 38;108360 51;108360 66;111960 89;111960 93;111960 108;104760 122;111960 131;104760 185;111960 190;111960 201;111960 226;111960 246;111960 258;111960 259;108360 275;111960 330;111960 340;111960 344;108360 346;108360 347;111960 370;111960 396;111960 
222: 0;115560 38;115560 39;115560 44;111960 58;115560 62;111960 82;115560 98;115560 100;115560 106;115560 114;111960 166;115560 167;115560 176;111960 230;115560 240;115560 248;111960 269;115560 283;115560 300;111960 336;111960 365;115560 377;115560 391;111960 
223: 
224: 
225: 
226: 
227: 
228: 16;115560 38;115560 51;115560 66;111960 89;115560 93;115560 108;115560 122;115560 131;115560 185;115560 190;115560 201;108360 218;115560 226;108360 246;111960 258;115560 259;111960 275;115560 330;115560 340;115560 344;115560 346;111960 347;115560 370;115560 396;115560 
229: 
230: 
231: 
232: 31;115560 66;115560 80;115560 122;111960 131;115560 134;111960 147;104760 185;115560 190;111960 197;115560 204;111960 222;115560 226;115560 236;115560 244;108360 246;111960 275;115560 301;108360 314;111960 330;115560 340;115560 347;111960 370;115560 375;115560 400;115560 
233: 8;115560 48;115560 64;104760 75;111960 96;111960 98;115560 112;111960 113;111960 131;115560 211;111960 234;111960 290;115560 317;115560 322;115560 337;111960 339;115560 343;111960 348;115560 363;115560 367;111960 372;115560 377;115560 383;111960 389;115560 399;111960 
234: 1;111960 21;108360 34;104760 35;111960 46;115560 48;111960 139;111960 141;115560 152;115560 153;108360 201;115560 206;115560 218;115560 244;111960 294;115560 300;115560 322;115560 342;115560 343;104760 348;115560 350;108360 367;115560 383;115560 389;115560 399;104760 
235: 
236: 43;115560 54;115560 65;115560 121;115560 172;115560 175;115560 262;115560 265;115560 357;115560 
237: 
238: 
239: 
240: 15;115560 38;111960 58;115560 62;115560 82;101160 100;108360 106;115560 114;115560 136;115560 166;115560 167;108360 169;115560 201;115560 220;111960 230;111960 248;115560 269;115560 300;115560 309;115560 321;115560 322;111960 326;111960 336;115560 377;108360 391;115560 
241: 
242: 64;111960 83;111960 106;111960 150;111960 205;111960 229;111960 296;111960 324;111960 328;111960 
243: 16;111960 24;115560 38;115560 41;115560 67;115560 80;111960 94;115560 114;111960 158;115560 163;115560 233;115560 246;115560 262;115560 267;115560 278;115560 282;115560 285;115560 287;115560 311;111960 334;111960 337;115560 353;115560 354;115560 
244: 10;108360 13;115560 35;111960 54;115560 68;111960 71;108360 77;111960 101;115560 112;115560 128;111960 155;115560 163;115560 233;115560 236;115560 265;101160 275;115560 290;111960 315;111960 317;115560 334;115560 337;111960 342;111960 343;108360 354;111960 365;115560 
245: 
246: 24;115560 38;115560 88;115560 93;111960 94;115560 115;115560 125;108360 132;115560 135;108360 163;115560 185;115560 190;111960 194;111960 201;115560 207;115560 225;101160 228;115560 265;111960 340;111960 347;115560 365;115560 369;115560 370;115560 385;115560 396;115560 
247: 
248: 21;115560 38;115560 51;115560 75;115560 91;115560 114;115560 131;115560 139;115560 153;115560 159;111960 167;111960 201;115560 217;115560 240;111960 254;111960 260;115560 269;115560 272;115560 281;108360 289;115560 294;115560 303;115560 319;115560 320;115560 392;111960 
249: 
250: 
251: 
252: 21;115560 58;115560 69;115560 73;115560 114;111960 153;115560 196;115560 197;115560 213;115560 230;115560 240;115560 250;115560 299;111960 312;115560 319;115560 348;115560 391;115560 399;115560 
253: 3;97559.7 24;97559.7 29;97559.7 47;97559.7 96;97559.7 114;97559.7 155;97559.7 157;97559.7 274;97559.7 284;97559.7 297;97559.7 334;97559.7 338;97559.7 356;97559.7 361;97559.7 370;97559.7 378;97559.7 
254: 
255: 11;115560 16;115560 24;115560 38;115560 67;115560 80;115560 94;115560 114;115560 158;115560 163;115560 246;115560 267;115560 285;115560 287;115560 311;115560 334;115560 
256: 
257: 
258: 
259: 
260: 
261: 6;115560 22;108360 23;104760 34;115560 38;115560 46;115560 60;111960 61;115560 86;115560 104;108360 115;111960 119;115560 141;115560 149;115560 162;115560 191;115560 207;111960 229;111960 288;115560 302;115560 308;115560 317;115560 342;115560 367;115560 369;108360 
262: 
263: 
264: 21;90359.7 35;90359.7 48;90359.7 52;90359.7 64;90359.7 73;90359.7 75;90359.7 98;90359.7 146;90359.7 260;90359.7 290;90359.7 300;90359.7 317;90359.7 332;90359.7 348;90359.7 350;90359.7 374;90359.7 
265: 72;115560 93;108360 125;115560 128;101160 131;111960 135;108360 164;115560 185;115560 190;111960 194;115560 197;111960 201;115560 225;108360 226;111960 228;111960 246;115560 314;111960 330;115560 340;115560 347;115560 365;115560 369;111960 375;104760 385;111960 396;115560 
266: 
267: 
268: 
269: 
270: 10;111960 22;111960 56;111960 83;111960 115;111960 143;111960 172;111960 198;111960 203;104760 208;104760 220;111960 233;111960 276;111960 279;111960 281;111960 284;104760 288;111960 320;111960 321;111960 324;108360 340;111960 364;108360 372;108360 380;108360 394;104760 
271: 
272: 139;115560 148;115560 170;115560 185;115560 204;115560 213;115560 242;115560 271;115560 325;115560 
273: 
274: 
275: 
276: 
277: 
278: 
279: 
280: 12;104760 47;104760 56;104760 60;97559.7 68;104760 77;104760 78;104760 119;104760 157;104760 201;104760 209;97559.7 227;104760 238;104760 254;104760 260;104760 262;97559.7 264;104760 267;104760 296;104760 335;104760 360;101160 364;104760 373;104760 397;104760 
281: 
282: 39;115560 51;111960 81;115560 86;115560 119;115560 123;108360 146;115560 152;115560 153;115560 165;115560 172;111960 195;115560 198;111960 211;115560 234;108360 245;115560 284;115560 293;115560 301;115560 346;115560 383;115560 385;115560 389;115560 396;111960 400;115560 
283: 67;115560 82;115560 113;115560 135;115560 177;115560 211;115560 240;115560 363;115560 385;115560 
284: 4;115560 5;115560 13;115560 46;115560 61;115560 72;115560 83;115560 93;111960 104;115560 135;115560 136;115560 139;115560 141;115560 147;111960 160;111960 207;115560 210;115560 223;115560 238;115560 256;111960 317;115560 347;111960 350;115560 367;115560 
285: 7;115560 39;111960 73;108360 86;111960 119;111960 123;115560 146;115560 165;115560 181;108360 189;111960 193;111960 195;115560 197;115560 198;101160 245;115560 293;115560 301;115560 346;111960 347;111960 351;115560 365;115560 376;115560 385;115560 389;115560 396;111960 
286: 
287: 
288: 
289: 
290: 0;115560 38;111960 44;115560 52;115560 58;115560 98;115560 100;111960 106;115560 114;111960 136;104760 166;115560 176;115560 204;115560 205;111960 206;111960 248;115560 283;115560 293;111960 300;115560 353;115560 354;111960 365;104760 377;115560 386;115560 391;115560 
291: 
292: 39;97559.7 51;97559.7 81;97559.7 86;97559.7 119;97559.7 146;97559.7 152;97559.7 165;97559.7 172;97559.7 198;97559.7 211;97559.7 234;97559.7 245;97559.7 284;97559.7 301;97559.7 385;97559.7 396;97559.7 400;97559.7 
293: 15;101160 53;101160 58;101160 92;101160 100;101160 106;101160 112;101160 136;101160 161;101160 201;101160 202;101160 220;101160 240;101160 322;101160 333;101160 336;101160 391;101160 
294: 
295: 
296: 7;115560 39;115560 73;115560 86;115560 146;115560 165;115560 181;115560 193;115560 197;115560 198;115560 245;115560 293;111960 301;111960 346;115560 347;115560 351;115560 365;111960 376;115560 385;115560 389;115560 396;115560 
297: 35;115560 52;115560 64;115560 73;115560 75;115560 110;115560 113;115560 131;115560 139;115560 146;115560 174;111960 244;115560 260;108360 300;115560 317;111960 322;115560 323;111960 332;115560 337;115560 339;111960 363;111960 367;115560 374;115560 383;104760 397;115560 
298: 
299: 
300: 21;111960 48;111960 75;111960 139;111960 141;111960 153;111960 244;111960 294;111960 317;111960 322;111960 323;111960 337;111960 350;111960 383;111960 399;111960 
301: 
302: 
303: 
304: 41;101160 66;101160 136;101160 147;101160 194;101160 195;101160 205;101160 238;101160 290;101160 319;101160 337;101160 345;101160 369;101160 
305: 
306: 
307: 
308: 7;101160 39;101160 86;101160 119;101160 146;101160 165;101160 189;101160 193;101160 197;101160 198;101160 293;101160 346;101160 347;101160 351;101160 376;101160 389;101160 396;101160 
309: 
310: 
311: 7;111960 21;115560 29;115560 35;115560 102;115560 105;115560 114;111960 119;115560 137;115560 139;111960 152;115560 153;115560 182;111960 201;115560 220;115560 240;111960 309;115560 342;115560 348;111960 371;111960 384;115560 391;111960 392;115560 
312: 
313: 28;111960 38;115560 58;115560 69;115560 81;111960 102;115560 106;108360 114;111960 166;115560 194;111960 201;115560 206;111960 220;115560 228;115560 237;111960 238;111960 240;111960 250;115560 254;111960 300;115560 315;115560 319;115560 384;115560 399;115560 
314: 8;115560 48;111960 64;111960 75;115560 96;115560 98;115560 112;115560 113;111960 131;108360 211;111960 234;104760 290;115560 317;104760 322;111960 337;111960 339;111960 343;115560 348;111960 363;115560 367;115560 372;115560 377;115560 383;111960 389;108360 399;115560 
315: 38;115560 41;115560 47;115560 60;111960 94;115560 130;111960 144;115560 150;111960 152;111960 155;115560 157;115560 163;108360 207;115560 219;115560 253;115560 265;104760 267;111960 327;115560 334;115560 340;115560 353;115560 354;115560 382;111960 392;115560 
316: 
317: 13;111960 38;108360 47;115560 54;111960 68;111960 71;111960 94;115560 112;115560 152;115560 155;115560 163;115560 219;108360 253;115560 265;115560 267;115560 290;115560 315;115560 334;115560 337;115560 353;111960 354;115560 365;115560 370;111960 382;115560 392;115560 
318: 0;108360 5;108360 17;108360 34;108360 35;108360 48;104760 59;104760 76;108360 95;108360 104;108360 114;108360 124;108360 156;108360 187;104760 195;108360 242;104760 291;108360 293;108360 304;108360 322;108360 344;108360 365;108360 383;101160 390;104760 392;108360 
319: 21;115560 35;111960 38;115560 81;111960 114;115560 139;115560 153;115560 159;111960 167;111960 201;111960 217;115560 231;108360 237;115560 240;111960 242;115560 243;115560 250;111960 254;115560 281;115560 289;104760 300;115560 303;115560 383;115560 392;108360 399;115560 
320: 
321: 
322: 35;101160 48;101160 114;101160 139;101160 152;101160 153;101160 201;101160 242;101160 250;101160 300;101160 321;101160 367;101160 383;101160 389;101160 391;101160 399;101160 
323: 
324: 14;115560 38;115560 67;115560 68;115560 69;115560 92;115560 100;115560 142;115560 195;115560 320;115560 335;115560 345;115560 364;115560 373;115560 391;115560 
325: 
326: 0;97559.7 58;97559.7 62;97559.7 82;97559.7 98;97559.7 100;97559.7 106;97559.7 114;97559.7 166;97559.7 167;97559.7 176;97559.7 269;97559.7 283;97559.7 336;97559.7 377;97559.7 391;97559.7 
327: 
328: 21;115560 46;115560 113;115560 153;115560 171;115560 179;115560 198;115560 290;115560 350;115560 360;115560 368;115560 383;115560 388;115560 392;115560 
329: 
330: 0;115560 38;115560 39;108360 44;115560 58;115560 62;115560 82;115560 98;111960 100;115560 106;115560 114;111960 136;108360 166;115560 167;115560 176;115560 230;115560 240;115560 248;115560 269;111960 283;115560 300;115560 336;115560 365;104760 377;111960 391;111960 
331: 24;115560 29;115560 38;111960 67;111960 68;115560 69;115560 91;115560 111;111960 113;115560 137;115560 141;111960 142;115560 153;115560 164;108360 166;115560 200;111960 206;115560 244;115560 246;115560 269;104760 294;111960 300;115560 320;115560 335;111960 389;111960 
332: 25;97559.7 36;97559.7 58;97559.7 121;97559.7 142;97559.7 193;97559.7 244;97559.7 246;97559.7 250;93959.7 282;93959.7 299;97559.7 308;93959.7 309;97559.7 312;93959.7 321;97559.7 326;97559.7 337;97559.7 373;93959.7 400;97559.7 
333: 
334: 4;115560 10;115560 13;115560 20;115560 38;115560 46;111960 65;111960 68;111960 87;115560 89;111960 137;115560 148;111960 149;115560 157;115560 179;115560 181;115560 203;104760 240;115560 280;104760 292;111960 298;115560 324;115560 342;115560 353;115560 361;115560 
335: 52;90359.7 93;90359.7 132;90359.7 135;90359.7 145;90359.7 164;90359.7 190;90359.7 194;90359.7 201;90359.7 220;90359.7 233;90359.7 246;90359.7 340;90359.7 347;90359.7 361;90359.7 365;90359.7 
336: 
337: 
338: 3;93959.7 11;97559.7 24;93959.7 46;93959.7 47;97559.7 80;97559.7 114;93959.7 155;97559.7 157;93959.7 158;97559.7 163;93959.7 169;93959.7 207;97559.7 246;97559.7 274;97559.7 278;97559.7 284;93959.7 334;97559.7 341;97559.7 361;97559.7 370;97559.7 378;97559.7 
339: 
340: 
341: 
342: 11;93959.7 16;101160 21;101160 24;101160 35;101160 41;97559.7 67;101160 81;97559.7 94;101160 155;101160 158;101160 159;97559.7 163;101160 237;101160 243;101160 250;101160 254;101160 262;101160 281;101160 285;97559.7 287;93959.7 353;97559.7 354;101160 392;97559.7 
343: 21;115560 35;111960 48;115560 81;108360 102;115560 114;115560 139;115560 152;115560 153;108360 201;111960 218;115560 220;115560 230;115560 240;108360 242;115560 250;104760 300;115560 322;111960 348;115560 367;115560 383;115560 389;115560 391;115560 392;111960 399;108360 
344: 
345: 2;101160 18;101160 100;101160 197;101160 200;101160 221;101160 229;101160 328;101160 
346: 
347: 
348: 21;104760 24;108360 35;108360 53;108360 59;104760 94;108360 102;108360 114;108360 152;108360 218;108360 230;108360 242;108360 274;104760 304;108360 311;108360 322;104760 336;108360 367;108360 383;104760 
349: 
350: 
351: 
352: 41;111960 66;115560 72;108360 77;115560 93;115560 132;115560 136;115560 147;111960 150;115560 160;115560 161;115560 194;115560 195;108360 205;115560 238;108360 239;111960 290;115560 319;115560 337;115560 345;115560 369;111960 379;115560 389;111960 396;115560 
353: 
354: 0;108360 38;108360 39;108360 44;108360 58;108360 82;108360 98;108360 106;108360 167;108360 230;108360 240;108360 269;108360 283;108360 300;108360 336;108360 377;108360 
355: 
356: 
357: 3;108360 11;108360 24;108360 46;108360 47;108360 80;108360 114;108360 155;108360 158;108360 163;108360 246;108360 274;108360 278;108360 284;108360 334;108360 354;108360 370;108360 378;108360 
358: 12;97559.7 47;97559.7 60;97559.7 77;97559.7 119;97559.7 157;97559.7 227;97559.7 238;97559.7 260;97559.7 264;97559.7 267;97559.7 296;97559.7 314;97559.7 335;97559.7 373;97559.7 397;97559.7 
359: 
360: 
361: 
362: 22;111960 26;108360 73;111960 102;108360 114;108360 153;111960 203;104760 220;108360 226;111960 230;104760 276;111960 281;111960 284;108360 288;111960 300;108360 320;104760 324;111960 343;101160 348;111960 365;111960 372;111960 374;111960 383;108360 389;111960 392;111960 
363: 21;115560 35;115560 48;115560 75;115560 98;115560 113;108360 131;115560 139;111960 141;115560 153;115560 244;115560 290;115560 294;111960 300;115560 317;111960 322;115560 323;115560 337;108360 339;111960 348;115560 350;108360 367;115560 383;115560 397;111960 399;115560 
364: 80;93959.7 134;93959.7 185;93959.7 190;93959.7 204;93959.7 222;93959.7 244;93959.7 246;93959.7 275;93959.7 301;93959.7 314;93959.7 330;93959.7 340;93959.7 347;93959.7 370;93959.7 400;93959.7 
365: 
366: 3;115560 11;115560 24;115560 46;115560 47;115560 155;115560 158;115560 163;115560 169;115560 207;115560 267;115560 278;115560 284;115560 334;115560 341;115560 354;115560 361;115560 378;115560 
367: 
368: 
369: 
370: 176;115560 180;115560 203;115560 208;115560 281;115560 283;115560 289;115560 295;115560 398;115560 
371: 
372: 
373: 15;111960 38;115560 58;115560 62;115560 82;115560 100;104760 106;115560 114;111960 136;115560 166;111960 167;115560 169;115560 201;111960 220;93959.7 230;115560 248;115560 269;111960 300;115560 309;111960 321;111960 322;108360 326;111960 336;115560 377;115560 391;115560 
374: 38;93959.7 58;97559.7 62;97559.7 82;97559.7 100;97559.7 114;97559.7 136;97559.7 166;97559.7 220;97559.7 230;97559.7 248;97559.7 269;97559.7 300;97559.7 309;97559.7 321;97559.7 322;97559.7 336;97559.7 377;93959.7 
375: 72;115560 77;115560 132;115560 136;115560 150;115560 160;115560 161;115560 195;115560 205;115560 239;115560 290;115560 319;115560 337;115560 369;115560 389;115560 396;115560 
376: 
377: 21;111960 35;115560 48;108360 81;115560 102;115560 114;115560 139;115560 152;115560 153;115560 201;115560 218;115560 220;111960 230;115560 240;111960 242;115560 250;115560 300;115560 322;115560 348;97559.7 367;115560 383;115560 389;108360 391;111960 392;115560 399;115560 
378: 
379: 
380: 22;101160 59;101160 87;101160 100;101160 157;101160 158;101160 169;101160 261;101160 264;101160 266;101160 267;101160 274;101160 294;101160 338;101160 341;101160 378;101160 
381: 
382: 
383: 11;115560 24;111960 35;115560 38;115560 41;115560 47;115560 80;115560 88;108360 94;111960 114;115560 155;111960 157;115560 158;111960 163;115560 207;108360 246;104760 253;115560 265;111960 278;111960 285;115560 334;111960 340;101160 353;108360 354;115560 370;111960 
384: 
385: 21;111960 35;115560 48;115560 75;111960 98;115560 113;115560 131;115560 139;111960 141;115560 153;115560 244;111960 290;115560 294;115560 300;115560 317;115560 322;115560 323;115560 337;108360 339;108360 348;115560 350;115560 367;111960 383;111960 397;115560 399;115560 
386: 
387: 
388: 
389: 35;104760 48;104760 81;104760 114;104760 139;104760 152;104760 153;104760 201;101160 218;104760 220;104760 230;104760 250;101160 281;104760 300;104760 322;104760 348;104760 367;104760 383;104760 391;104760 399;104760 
390: 
391: 31;108360 39;104760 48;108360 51;108360 84;108360 86;101160 90;108360 119;104760 145;104760 159;108360 178;108360 201;108360 203;108360 230;108360 240;108360 245;108360 250;108360 322;108360 345;108360 367;108360 383;108360 389;104760 392;104760 399;104760 
392: 
393: 31;111960 57;115560 63;115560 66;111960 80;115560 122;111960 134;111960 147;115560 157;115560 165;115560 174;108360 190;115560 213;115560 226;115560 232;111960 239;115560 246;111960 264;111960 330;108360 340;115560 347;115560 348;115560 379;111960 392;115560 400;115560 
394: 10;115560 22;115560 38;111960 56;115560 60;115560 62;111960 68;115560 100;115560 114;115560 208;115560 209;115560 220;104760 227;115560 233;115560 262;111960 264;115560 309;111960 322;115560 335;108360 336;108360 345;115560 364;115560 373;115560 380;111960 400;115560 
395: 24;115560 63;115560 94;115560 116;115560 164;115560 191;115560 195;115560 384;115560 
396: 
397: 21;115560 35;111960 48;108360 81;115560 102;108360 114;108360 139;115560 152;108360 153;111960 201;115560 218;115560 220;115560 230;111960 240;108360 242;115560 250;115560 300;115560 322;111960 348;115560 367;104760 383;115560 389;115560 391;115560 392;108360 399;115560 
398: 
399: 15;115560 21;97559.7 35;111960 58;115560 69;108360 81;115560 102;111960 106;104760 114;111960 159;115560 166;108360 201;115560 220;111960 230;115560 237;111960 240;111960 242;115560 250;115560 254;111960 281;115560 300;115560 319;115560 348;108360 391;115560 392;115560 
400: 
