0: 7;137160 12;133560 14;133560 22;137160 35;137160 46;133560 58;129960 68;137160 92;129960 100;137160 147;133560 195;126360 201;137160 209;133560 227;137160 233;137160 335;137160 336;133560 345;137160 364;133560 373;133560 380;137160 391;137160 394;137160 400;133560 
1: 5;140760 17;140760 35;115560 38;140760 52;140760 104;115560 109;140760 112;111960 124;140760 143;115560 156;140760 191;140760 214;140760 236;115560 238;140760 267;111960 284;140760 290;140760 291;140760 296;115560 377;140760 379;140760 385;111960 389;140760 390;115560 
2: 21;111960 62;155160 73;155160 82;122760 98;155160 106;122760 111;155160 136;122760 167;155160 170;155160 176;122760 182;155160 217;122760 230;111960 240;155160 248;122760 263;122760 265;122760 266;155160 269;122760 301;122760 326;155160 336;155160 377;155160 380;155160 
3: 11;162360 34;162360 39;162360 51;162360 72;162360 82;162360 89;155160 101;158760 108;158760 123;162360 152;162360 153;162360 178;162360 184;162360 195;158760 198;162360 211;158760 245;155160 293;158760 301;162360 376;162360 383;158760 385;147960 396;158760 400;162360 
4: 119;165960 127;165960 137;165960 199;165960 214;165960 297;165960 322;165960 323;165960 328;165960 
5: 56;108360 60;108360 68;108360 78;101160 83;108360 96;108360 119;101160 121;108360 146;108360 157;101160 172;108360 209;108360 234;108360 262;108360 264;101160 292;101160 296;108360 335;108360 347;108360 358;108360 383;108360 387;108360 
6: 15;158760 38;158760 58;158760 62;155160 82;158760 100;158760 106;155160 114;155160 136;147960 166;151560 167;158760 169;151560 201;158760 220;158760 230;155160 248;158760 269;151560 300;158760 309;158760 321;158760 322;158760 326;144360 336;158760 377;158760 391;158760 
7: 
8: 
9: 
10: 4;162360 13;162360 17;165960 68;162360 87;162360 93;158760 95;165960 127;165960 137;165960 141;165960 157;162360 164;162360 185;165960 201;165960 203;158760 240;162360 275;165960 280;165960 285;165960 290;165960 342;165960 347;165960 353;158760 361;165960 365;165960 
11: 
12: 0;162360 20;165960 63;158760 65;162360 66;165960 89;165960 112;165960 120;165960 125;162360 126;165960 138;162360 148;158760 149;165960 155;165960 165;165960 181;165960 184;165960 218;165960 298;165960 321;158760 324;162360 336;162360 346;151560 365;165960 396;165960 
13: 1;165960 21;165960 30;97559.7 34;165960 46;165960 48;165960 78;97559.7 81;165960 108;165960 110;165960 153;165960 233;165960 240;165960 259;165960 294;97559.7 334;97559.7 343;165960 348;165960 354;165960 383;165960 389;165960 399;97559.7 
14: 15;158760 20;165960 38;165960 43;165960 80;165960 100;162360 106;162360 114;165960 119;162360 136;162360 155;165960 166;165960 167;162360 169;151560 201;165960 230;165960 248;165960 269;165960 270;165960 300;158760 321;165960 322;158760 358;165960 373;165960 377;165960 
15: 28;165960 31;165960 32;165960 89;165960 113;165960 114;165960 125;151560 150;165960 151;165960 159;165960 218;165960 226;165960 240;165960 272;165960 275;151560 284;165960 321;151560 322;165960 326;151560 341;165960 365;165960 
16: 11;158760 24;162360 35;165960 37;162360 40;165960 46;155160 47;158760 140;165960 157;165960 158;165960 169;165960 200;162360 246;158760 256;162360 267;165960 284;162360 288;165960 301;165960 309;165960 334;165960 338;165960 361;162360 370;165960 378;162360 392;165960 
17: 24;155160 38;151560 56;155160 72;151560 88;155160 93;155160 94;147960 115;155160 125;155160 135;155160 163;155160 185;155160 190;155160 194;155160 197;155160 201;155160 225;151560 227;155160 246;151560 294;155160 340;151560 358;155160 365;155160 369;151560 373;155160 
18: 32;165960 38;165960 58;158760 69;165960 73;162360 131;162360 135;165960 152;165960 159;165960 161;165960 164;165960 177;165960 194;165960 206;158760 228;165960 240;162360 241;162360 248;165960 300;165960 313;162360 322;162360 325;162360 353;165960 384;165960 392;165960 
19: 
20: 1;158760 21;147960 32;158760 54;147960 63;158760 67;158760 79;147960 91;158760 111;158760 149;144360 155;147960 157;158760 177;158760 191;158760 211;147960 220;144360 229;158760 260;158760 313;147960 317;158760 322;158760 337;158760 341;158760 372;158760 395;158760 
21: 39;155160 73;155160 86;158760 118;158760 119;165960 123;165960 167;165960 189;165960 193;151560 217;165960 231;158760 263;165960 276;165960 285;165960 289;165960 293;165960 301;165960 303;165960 346;165960 347;158760 351;158760 365;165960 385;165960 389;165960 396;165960 
22: 
23: 41;165960 66;165960 72;151560 77;158760 93;162360 132;162360 136;158760 147;162360 150;162360 160;165960 161;165960 194;165960 195;165960 205;158760 225;165960 238;165960 239;165960 290;155160 319;165960 337;165960 345;165960 369;165960 379;165960 389;151560 396;165960 
24: 
25: 22;162360 24;165960 29;165960 35;165960 38;144360 46;162360 64;165960 67;162360 69;165960 100;162360 137;165960 142;165960 227;162360 244;165960 269;165960 282;162360 299;162360 308;165960 320;165960 335;165960 337;165960 374;165960 391;165960 393;162360 400;162360 
26: 
27: 17;140760 47;147960 52;147960 72;147960 78;147960 93;147960 94;140760 125;144360 132;144360 135;140760 138;147960 164;147960 170;147960 187;147960 194;147960 199;147960 301;147960 318;144360 347;147960 361;147960 365;147960 375;144360 389;147960 
28: 7;162360 12;165960 14;165960 22;165960 35;165960 46;165960 62;165960 68;165960 92;165960 100;165960 147;158760 195;165960 209;165960 220;165960 227;158760 233;165960 269;155160 335;162360 345;165960 364;165960 373;165960 380;165960 391;158760 394;162360 400;165960 
29: 32;165960 35;165960 96;165960 113;155160 115;165960 119;165960 123;165960 153;165960 165;158760 198;165960 206;162360 282;162360 315;162360 322;165960 339;162360 343;165960 346;155160 348;162360 353;165960 383;165960 385;165960 389;158760 396;165960 397;147960 400;165960 
30: 
31: 
32: 3;144360 6;133560 11;144360 47;140760 56;144360 75;144360 78;144360 80;144360 85;144360 114;137160 155;144360 158;144360 211;140760 232;144360 233;144360 234;144360 246;137160 262;144360 267;140760 278;144360 282;144360 314;144360 334;144360 354;140760 394;144360 
33: 
34: 37;133560 47;126360 56;133560 60;133560 66;133560 76;133560 78;129960 90;133560 114;129960 146;133560 149;133560 175;133560 211;129960 232;126360 260;133560 264;133560 272;129960 296;129960 335;133560 345;133560 373;122760 393;129960 394;133560 400;129960 
35: 1;165960 21;140760 30;162360 34;162360 46;165960 48;162360 78;165960 81;162360 108;165960 110;165960 141;144360 153;165960 206;162360 233;165960 240;165960 259;165960 294;165960 334;144360 342;165960 343;165960 348;165960 354;162360 383;165960 389;162360 399;147960 
36: 11;162360 34;162360 51;119160 78;162360 82;162360 101;162360 108;158760 123;158760 152;162360 153;162360 165;162360 184;158760 195;162360 198;162360 211;162360 236;162360 245;162360 267;162360 272;119160 285;162360 383;162360 385;158760 391;162360 396;162360 
37: 
38: 1;165960 34;162360 46;162360 84;158760 98;165960 104;162360 107;162360 113;165960 115;158760 119;165960 141;162360 162;162360 175;165960 191;165960 206;158760 210;165960 211;165960 223;165960 294;158760 342;165960 350;165960 367;165960 369;165960 382;165960 385;165960 
39: 
40: 
41: 24;111960 38;108360 47;111960 72;104760 79;111960 86;108360 94;104760 102;111960 157;111960 158;111960 163;111960 199;104760 207;108360 276;111960 278;111960 285;111960 301;108360 334;111960 340;111960 353;108360 354;111960 362;104760 370;111960 383;111960 400;104760 
42: 
43: 10;115560 13;115560 21;158760 35;158760 68;158760 77;158760 81;158760 98;158760 101;158760 128;158760 145;115560 154;115560 155;158760 170;115560 175;158760 233;115560 236;115560 244;158760 265;108360 275;158760 290;158760 334;158760 342;115560 365;111960 378;158760 
44: 7;158760 33;158760 84;158760 165;158760 173;158760 217;158760 272;158760 354;158760 364;158760 
45: 17;119160 35;119160 52;119160 91;111960 92;119160 100;115560 101;119160 102;119160 109;119160 141;119160 145;119160 195;115560 197;115560 207;111960 214;115560 236;115560 237;119160 238;119160 290;115560 291;119160 322;119160 329;119160 357;119160 379;119160 390;119160 
46: 1;137160 48;137160 108;137160 110;137160 141;137160 240;137160 259;137160 294;137160 334;137160 343;137160 348;137160 354;137160 383;137160 389;137160 399;137160 
47: 
48: 41;133560 60;133560 144;129960 157;133560 159;133560 207;133560 219;133560 253;133560 265;133560 267;129960 285;129960 293;133560 296;133560 315;133560 327;133560 334;129960 339;129960 353;129960 354;129960 370;133560 375;133560 377;133560 
49: 
50: 21;122760 26;122760 102;122760 146;122760 152;122760 168;122760 230;122760 281;122760 284;122760 300;122760 337;122760 362;122760 374;122760 392;122760 
51: 
52: 
53: 6;165960 22;165960 35;165960 43;165960 48;165960 75;165960 98;165960 107;165960 131;165960 139;165960 205;158760 241;165960 244;165960 279;162360 290;162360 294;162360 300;158760 317;165960 323;165960 337;165960 348;165960 350;165960 363;158760 383;162360 397;165960 
54: 31;129960 66;129960 80;129960 122;126360 131;122760 134;126360 147;129960 185;126360 190;126360 197;129960 204;126360 222;129960 226;129960 236;129960 244;129960 246;122760 275;129960 301;129960 314;129960 330;129960 340;119160 347;126360 370;126360 375;129960 400;129960 
55: 29;111960 42;111960 44;111960 58;104760 62;104760 82;104760 139;111960 145;111960 158;111960 170;111960 175;111960 186;111960 203;111960 226;111960 232;104760 250;104760 254;111960 260;111960 266;111960 267;111960 327;104760 343;111960 
56: 2;144360 10;151560 13;147960 59;155160 68;151560 87;155160 90;155160 100;155160 105;155160 117;151560 137;155160 157;155160 203;155160 233;155160 261;155160 264;151560 266;151560 280;155160 294;155160 338;155160 342;151560 345;151560 364;155160 373;147960 380;155160 
57: 3;129960 13;129960 24;129960 35;126360 46;129960 71;129960 94;129960 121;126360 157;126360 158;119160 160;129960 163;129960 169;129960 216;129960 246;119160 255;129960 278;129960 317;122760 334;129960 337;129960 354;126360 366;129960 370;129960 375;129960 382;129960 
58: 14;165960 27;165960 38;165960 51;104760 81;165960 107;104760 114;165960 130;165960 132;104760 144;104760 164;104760 201;104760 207;165960 231;165960 235;165960 240;165960 242;165960 250;165960 274;165960 289;104760 300;165960 303;165960 319;104760 383;165960 384;165960 
59: 11;162360 24;162360 35;162360 38;162360 41;162360 47;162360 80;162360 88;162360 94;162360 155;162360 157;162360 158;162360 246;162360 265;162360 278;162360 285;162360 353;162360 370;162360 
60: 1;165960 21;162360 34;165960 46;165960 48;158760 81;162360 102;165960 139;158760 141;162360 152;165960 153;162360 206;165960 218;162360 242;165960 244;162360 294;165960 300;165960 322;165960 342;165960 343;165960 350;165960 367;165960 383;165960 389;165960 399;162360 
61: 
62: 
63: 99;104760 167;104760 210;104760 217;104760 222;104760 276;104760 289;104760 344;104760 378;104760 
64: 10;165960 57;158760 74;162360 77;165960 93;165960 144;165960 147;165960 150;165960 159;165960 160;165960 161;165960 168;155160 190;165960 194;165960 205;165960 214;162360 225;165960 238;162360 239;162360 256;155160 297;158760 326;165960 330;165960 337;165960 389;165960 
65: 
66: 
67: 4;162360 13;165960 52;162360 68;165960 87;165960 95;165960 127;165960 132;162360 135;165960 137;165960 157;158760 164;158760 182;165960 203;158760 240;165960 275;165960 280;162360 285;158760 290;165960 340;158760 342;165960 353;162360 361;162360 375;165960 389;165960 
68: 2;165960 10;165960 13;165960 59;165960 87;165960 90;165960 100;151560 105;165960 117;165960 137;162360 157;165960 203;162360 233;165960 261;162360 264;165960 266;162360 280;162360 294;165960 300;165960 338;165960 342;165960 345;165960 364;165960 373;165960 380;165960 
69: 
70: 38;137160 41;137160 47;133560 60;133560 94;133560 144;133560 150;137160 152;137160 157;137160 163;137160 207;133560 219;133560 253;137160 265;137160 267;137160 327;137160 334;137160 340;137160 354;137160 370;137160 382;137160 392;137160 
71: 31;108360 80;108360 131;108360 134;108360 185;108360 190;108360 197;108360 226;108360 236;108360 244;108360 246;108360 275;108360 314;108360 340;108360 347;108360 370;108360 375;108360 
72: 17;97559.7 52;86759.7 93;97559.7 94;97559.7 125;97559.7 132;97559.7 135;97559.7 141;97559.7 145;97559.7 164;97559.7 182;86759.7 185;97559.7 190;97559.7 194;97559.7 197;86759.7 201;90359.7 233;97559.7 246;86759.7 290;97559.7 340;90359.7 347;97559.7 361;86759.7 365;90359.7 375;90359.7 389;97559.7 
73: 52;111960 77;111960 93;111960 132;108360 135;111960 141;111960 164;108360 185;111960 190;108360 194;111960 197;104760 205;104760 215;111960 231;111960 233;111960 246;111960 290;108360 301;111960 337;111960 350;104760 365;108360 369;111960 377;111960 389;108360 
74: 
75: 25;162360 35;155160 46;162360 47;162360 114;162360 118;162360 125;158760 131;158760 155;158760 158;162360 173;162360 186;162360 197;158760 206;158760 246;162360 249;162360 310;162360 334;162360 338;162360 339;162360 345;158760 372;162360 377;162360 387;162360 388;162360 
76: 19;140760 37;147960 38;147960 45;147960 48;137160 56;147960 78;147960 105;147960 128;147960 138;147960 167;144360 193;144360 209;140760 212;144360 214;144360 227;147960 238;147960 262;144360 267;147960 273;147960 291;147960 294;147960 335;147960 358;147960 365;129960 
77: 31;162360 66;165960 80;165960 122;165960 131;165960 134;137160 147;165960 185;162360 190;158760 197;165960 204;162360 222;165960 226;158760 236;158760 244;165960 246;165960 275;165960 301;165960 314;165960 330;165960 340;162360 347;162360 370;158760 375;165960 400;165960 
78: 22;101160 47;101160 68;101160 209;101160 232;101160 254;101160 260;101160 262;101160 267;101160 335;101160 345;101160 373;101160 393;101160 
79: 
80: 3;122760 6;122760 17;122760 46;119160 75;122760 78;119160 85;119160 125;122760 169;122760 186;122760 197;119160 206;115560 234;122760 246;122760 267;122760 274;122760 284;122760 314;119160 338;122760 341;119160 345;119160 361;115560 378;122760 387;122760 388;122760 
81: 1;165960 15;162360 21;165960 54;162360 63;162360 67;158760 99;165960 149;165960 177;165960 179;165960 220;165960 228;165960 230;165960 260;165960 267;165960 279;158760 282;158760 327;165960 337;158760 362;158760 377;165960 384;151560 388;155160 395;165960 400;165960 
82: 14;115560 35;111960 38;115560 51;115560 58;111960 81;115560 102;115560 106;115560 114;108360 132;104760 136;115560 139;115560 144;115560 164;115560 167;115560 201;111960 242;115560 269;111960 300;115560 303;111960 326;115560 377;115560 384;111960 389;111960 391;115560 
83: 
84: 66;133560 72;133560 93;133560 136;133560 147;133560 160;133560 161;133560 194;133560 195;133560 205;133560 225;133560 238;133560 239;133560 290;133560 345;133560 379;133560 389;133560 
85: 31;162360 32;165960 66;165960 83;165960 102;165960 108;165960 114;165960 122;165960 147;165960 151;165960 159;162360 230;162360 231;165960 240;165960 275;165960 283;147960 295;162360 321;165960 322;165960 326;165960 330;165960 341;162360 348;165960 365;165960 370;165960 
86: 1;111960 6;151560 23;155160 34;155160 46;155160 82;155160 104;111960 107;155160 115;108360 117;151560 119;151560 141;155160 149;155160 150;155160 157;155160 191;155160 207;151560 211;151560 256;155160 314;151560 317;155160 342;155160 350;155160 367;155160 369;151560 
87: 17;158760 52;158760 125;155160 132;158760 135;155160 141;158760 145;158760 164;158760 182;158760 185;158760 190;158760 194;158760 197;158760 201;155160 233;158760 246;155160 290;158760 340;155160 347;158760 361;158760 365;155160 375;158760 389;158760 
88: 
89: 
90: 
91: 19;165960 24;165960 68;165960 85;165960 159;165960 201;165960 262;165960 279;165960 303;165960 354;165960 
92: 
93: 48;122760 84;122760 116;122760 144;122760 229;122760 255;122760 312;122760 318;122760 323;122760 368;122760 
94: 22;165960 47;162360 56;165960 60;162360 68;165960 114;165960 175;165960 194;155160 209;165960 227;165960 232;165960 233;162360 254;165960 260;165960 262;147960 264;165960 267;165960 296;162360 335;158760 345;162360 364;165960 373;162360 393;165960 394;165960 400;165960 
95: 21;158760 38;165960 51;165960 75;165960 91;158760 114;165960 131;158760 139;165960 153;162360 159;144360 167;165960 201;165960 217;165960 240;165960 254;165960 260;158760 269;165960 272;165960 281;162360 289;165960 294;165960 303;162360 319;162360 320;158760 392;165960 
96: 
97: 
98: 39;162360 73;162360 119;162360 123;162360 146;162360 165;162360 181;162360 193;162360 195;162360 198;162360 245;162360 346;162360 347;162360 351;162360 385;162360 389;162360 396;162360 
99: 0;165960 12;162360 38;165960 44;165960 98;162360 100;165960 106;162360 114;165960 115;165960 118;162360 127;165960 136;162360 157;162360 166;165960 176;165960 204;165960 248;165960 288;165960 290;165960 293;162360 302;165960 337;165960 354;165960 374;151560 386;165960 
100: 38;93959.7 55;93959.7 67;93959.7 97;93959.7 117;93959.7 123;93959.7 199;93959.7 293;93959.7 318;93959.7 
101: 
102: 
103: 25;137160 35;137160 46;137160 47;133560 114;137160 118;137160 131;137160 158;133560 173;133560 186;137160 197;137160 206;137160 246;133560 249;137160 310;137160 338;137160 339;137160 345;137160 372;137160 387;137160 388;133560 
104: 16;104760 51;140760 83;129960 89;140760 93;129960 102;129960 108;129960 131;104760 133;140760 185;140760 201;129960 218;140760 223;140760 226;104760 256;140760 258;140760 259;140760 275;140760 323;140760 327;140760 340;129960 346;129960 347;140760 396;140760 
105: 11;111960 24;111960 47;111960 80;111960 114;111960 155;111960 157;111960 158;111960 163;111960 207;111960 246;111960 284;111960 354;111960 361;111960 
106: 39;162360 51;162360 81;165960 86;158760 119;162360 123;165960 146;165960 152;165960 153;165960 165;155160 172;165960 195;147960 198;165960 211;165960 234;165960 245;165960 284;165960 293;165960 301;165960 346;165960 383;165960 385;165960 389;165960 396;165960 400;165960 
107: 1;165960 21;162360 34;162360 35;162360 46;165960 48;165960 139;165960 141;158760 152;158760 153;165960 201;162360 206;165960 218;158760 244;165960 294;155160 300;162360 322;162360 342;165960 343;165960 348;165960 350;165960 367;165960 383;165960 389;165960 399;162360 
108: 
109: 37;140760 40;165960 46;165960 90;165960 111;162360 140;155160 157;162360 158;165960 159;165960 160;165960 164;165960 169;165960 172;165960 196;158760 226;162360 246;165960 252;162360 267;158760 280;165960 298;165960 304;162360 307;165960 338;165960 370;165960 378;165960 
110: 1;144360 34;144360 35;144360 46;144360 141;144360 152;144360 153;144360 201;144360 218;144360 244;144360 300;144360 342;144360 343;144360 350;144360 367;144360 383;144360 399;144360 
111: 2;162360 10;162360 13;162360 59;133560 68;133560 87;133560 90;162360 100;162360 105;162360 117;133560 137;162360 157;133560 203;133560 233;162360 261;129960 264;162360 266;162360 280;162360 294;133560 338;129960 342;162360 345;162360 364;162360 373;133560 380;162360 
112: 
113: 1;133560 21;133560 34;144360 35;144360 46;144360 48;144360 139;144360 141;137160 152;144360 153;144360 201;137160 206;144360 218;144360 244;144360 294;144360 300;144360 322;144360 342;137160 343;144360 348;133560 350;144360 367;133560 383;133560 389;137160 399;122760 
114: 21;97559.7 35;97559.7 48;97559.7 75;97559.7 98;97559.7 113;97559.7 131;97559.7 139;97559.7 141;97559.7 244;97559.7 290;97559.7 300;97559.7 317;97559.7 322;97559.7 323;97559.7 337;97559.7 348;97559.7 367;97559.7 397;97559.7 
115: 
116: 
117: 11;144360 24;144360 35;144360 38;144360 41;144360 47;144360 80;137160 88;144360 94;144360 114;144360 155;140760 157;137160 158;144360 163;144360 207;140760 246;144360 253;140760 265;140760 278;144360 285;144360 334;144360 340;140760 353;140760 354;144360 370;140760 
118: 
119: 21;162360 35;165960 48;162360 81;162360 102;165960 114;162360 139;165960 152;162360 153;165960 201;165960 218;165960 220;165960 230;165960 240;165960 242;162360 250;158760 300;165960 322;165960 348;165960 367;162360 383;165960 389;162360 391;162360 392;165960 399;158760 
120: 2;165960 18;165960 21;165960 29;165960 63;165960 89;165960 100;165960 119;165960 126;162360 146;165960 152;165960 168;158760 181;162360 197;162360 200;155160 221;165960 229;162360 259;165960 293;165960 298;165960 324;158760 337;165960 345;162360 362;162360 396;165960 
121: 0;165960 20;162360 29;165960 38;165960 46;165960 63;162360 65;165960 89;165960 119;165960 125;165960 149;158760 174;162360 179;165960 181;151560 182;165960 206;162360 216;165960 249;165960 291;158760 320;165960 331;165960 346;165960 365;165960 372;162360 373;158760 
122: 31;165960 66;165960 83;165960 93;165960 108;137160 131;165960 135;165960 147;165960 159;165960 185;137160 190;137160 197;165960 201;165960 226;165960 246;140760 275;140760 295;165960 314;140760 330;165960 340;165960 347;140760 365;140760 370;140760 375;165960 396;165960 
123: 91;122760 92;122760 102;122760 109;122760 119;122760 141;119160 145;122760 153;119160 165;119160 197;122760 198;122760 207;122760 214;119160 238;122760 290;122760 329;122760 346;119160 357;122760 389;122760 390;122760 396;119160 400;122760 
124: 0;158760 7;165960 20;165960 38;162360 65;165960 73;165960 89;165960 119;165960 126;165960 148;165960 179;165960 199;165960 201;147960 220;165960 223;162360 259;165960 273;165960 291;162360 298;165960 301;165960 303;165960 312;162360 350;165960 392;162360 396;162360 
125: 
126: 6;133560 23;133560 34;137160 46;129960 82;137160 107;137160 115;137160 117;137160 119;137160 141;137160 149;129960 150;133560 175;137160 206;137160 207;133560 210;137160 211;129960 223;137160 256;126360 294;133560 314;137160 351;137160 367;137160 382;137160 385;137160 
127: 
128: 0;151560 38;151560 51;151560 89;151560 91;151560 93;147960 108;140760 115;147960 172;151560 187;147960 190;151560 201;151560 226;151560 228;151560 236;144360 246;147960 254;151560 259;151560 273;144360 275;151560 330;144360 344;147960 370;144360 383;151560 396;144360 
129: 
130: 15;140760 61;165960 78;165960 104;165960 106;140760 113;165960 131;165960 146;140760 203;133560 213;165960 234;165960 260;140760 269;133560 284;165960 305;133560 314;165960 317;140760 330;140760 337;165960 343;165960 363;165960 367;140760 377;165960 400;165960 
131: 36;158760 56;158760 91;158760 147;158760 154;158760 245;158760 261;158760 284;158760 312;137160 352;158760 
132: 26;97559.7 46;97559.7 72;97559.7 79;97559.7 86;97559.7 114;97559.7 117;97559.7 157;97559.7 199;93959.7 211;97559.7 220;97559.7 276;93959.7 284;97559.7 288;97559.7 301;97559.7 324;97559.7 362;97559.7 372;97559.7 383;93959.7 389;97559.7 400;93959.7 
133: 16;129960 38;126360 51;129960 66;129960 89;129960 93;129960 108;129960 122;119160 131;126360 185;126360 190;122760 201;122760 218;129960 226;129960 246;126360 258;129960 259;129960 275;129960 330;129960 340;129960 344;129960 346;129960 347;122760 370;122760 396;129960 
134: 0;122760 12;97559.7 38;165960 44;165960 98;162360 100;162360 106;122760 114;165960 115;165960 118;165960 127;165960 157;165960 166;122760 176;165960 204;97559.7 248;162360 288;165960 290;165960 293;165960 302;162360 336;162360 337;122760 354;165960 374;162360 386;162360 
135: 24;93959.7 43;90359.7 57;93959.7 63;93959.7 67;90359.7 89;93959.7 91;93959.7 111;90359.7 114;93959.7 138;93959.7 155;93959.7 163;93959.7 169;90359.7 202;93959.7 222;90359.7 236;93959.7 237;90359.7 265;90359.7 267;93959.7 322;93959.7 337;93959.7 339;90359.7 347;93959.7 360;93959.7 
136: 37;165960 47;165960 56;165960 60;165960 66;165960 76;165960 78;165960 90;165960 114;165960 146;158760 149;155160 175;165960 211;162360 232;165960 254;165960 260;165960 264;165960 272;165960 296;165960 335;162360 345;165960 373;158760 393;162360 394;165960 400;165960 
137: 21;162360 35;162360 48;165960 53;165960 59;162360 94;165960 102;162360 114;165960 152;165960 218;165960 220;162360 230;165960 242;162360 274;162360 304;165960 311;165960 314;165960 322;162360 336;165960 348;165960 367;162360 383;165960 392;165960 
138: 16;165960 22;165960 24;162360 57;165960 67;111960 80;165960 89;165960 114;165960 155;165960 163;165960 169;162360 202;165960 222;111960 236;158760 243;165960 267;165960 278;165960 285;162360 287;165960 289;162360 322;162360 334;165960 337;165960 353;165960 354;165960 
139: 7;165960 39;165960 119;165960 165;165960 189;165960 195;165960 197;165960 245;165960 301;165960 346;165960 347;165960 351;165960 365;165960 376;165960 385;165960 
140: 12;165960 21;165960 48;165960 77;165960 78;165960 81;165960 119;165960 139;162360 152;165960 157;162360 201;165960 218;162360 220;165960 238;162360 240;165960 242;162360 250;165960 314;155160 336;165960 348;165960 360;165960 383;162360 391;162360 397;158760 399;162360 
141: 7;158760 21;162360 32;165960 33;165960 38;165960 51;165960 75;165960 86;162360 91;165960 131;165960 139;162360 167;162360 204;158760 207;165960 217;162360 240;165960 248;165960 254;165960 260;165960 281;165960 289;165960 300;165960 321;165960 340;165960 392;165960 
142: 40;104760 86;104760 98;104760 119;104760 172;104760 232;104760 245;104760 246;104760 261;104760 278;104760 282;104760 299;104760 308;104760 374;104760 383;104760 387;104760 393;104760 
143: 11;144360 34;144360 39;147960 51;147960 72;147960 82;151560 89;151560 101;144360 108;140760 123;147960 152;144360 153;147960 178;151560 184;151560 195;151560 198;151560 211;151560 245;151560 293;151560 301;151560 376;151560 383;147960 385;151560 396;151560 400;151560 
144: 21;140760 27;144360 38;144360 51;140760 81;144360 130;144360 153;140760 159;144360 167;137160 201;144360 207;144360 215;140760 231;144360 235;144360 237;144360 240;144360 250;140760 254;144360 274;140760 289;144360 300;144360 303;137160 319;144360 383;144360 392;144360 
145: 15;122760 23;126360 38;126360 58;126360 62;126360 100;122760 106;122760 161;126360 166;122760 167;126360 169;122760 187;122760 201;122760 216;122760 220;126360 230;126360 253;126360 278;126360 281;126360 322;119160 326;126360 350;122760 373;126360 377;126360 391;126360 
146: 76;101160 194;101160 202;101160 217;101160 222;101160 260;101160 331;101160 382;101160 
147: 77;165960 93;162360 132;165960 135;165960 141;165960 164;162360 185;155160 190;162360 194;165960 197;165960 205;165960 215;165960 225;165960 231;165960 233;162360 246;162360 290;165960 301;162360 337;165960 350;165960 365;165960 369;162360 377;165960 389;165960 
148: 0;165960 7;165960 35;165960 46;165960 86;165960 149;165960 171;165960 179;165960 193;165960 198;165960 245;165960 347;165960 351;165960 376;165960 385;165960 392;165960 396;165960 
149: 7;115560 39;119160 73;115560 86;119160 119;119160 123;119160 146;108360 165;119160 181;119160 189;119160 193;119160 195;115560 197;119160 198;119160 245;119160 293;108360 301;115560 346;119160 347;119160 351;111960 365;111960 376;119160 385;115560 389;119160 396;119160 
150: 5;165960 31;165960 47;158760 54;165960 66;165960 80;162360 91;162360 131;162360 134;162360 183;151560 204;165960 219;165960 222;165960 223;165960 226;158760 236;165960 246;165960 260;165960 269;165960 275;158760 314;158760 330;162360 345;165960 350;165960 400;165960 
151: 4;137160 29;137160 35;137160 52;137160 67;137160 69;137160 95;137160 137;137160 142;137160 240;137160 285;137160 290;137160 320;137160 335;137160 353;137160 389;137160 
152: 
153: 12;162360 21;165960 48;165960 77;162360 78;165960 119;165960 139;165960 152;165960 157;165960 201;162360 218;165960 220;165960 238;165960 240;165960 314;162360 336;165960 360;165960 383;162360 391;165960 399;165960 
154: 
155: 
156: 1;165960 17;158760 34;162360 38;165960 84;162360 98;165960 101;165960 104;165960 119;162360 143;165960 145;155160 157;165960 175;165960 191;165960 207;155160 210;151560 214;165960 223;158760 236;162360 237;165960 317;165960 342;165960 350;165960 367;165960 385;155160 
157: 4;133560 10;133560 13;133560 20;126360 38;126360 46;133560 65;133560 89;133560 95;129960 127;133560 148;133560 149;133560 179;122760 181;133560 240;129960 275;133560 285;133560 292;133560 298;133560 301;133560 324;133560 346;133560 353;133560 361;133560 365;122760 
158: 11;111960 34;115560 39;115560 51;111960 72;115560 82;111960 89;115560 101;115560 108;115560 123;115560 152;115560 153;115560 178;115560 184;111960 195;115560 198;108360 211;115560 245;115560 293;115560 301;108360 376;108360 383;111960 385;111960 396;115560 400;111960 
159: 73;162360 94;162360 125;144360 129;144360 135;162360 138;144360 155;162360 164;144360 168;144360 181;162360 185;162360 187;162360 191;140760 194;162360 216;162360 218;162360 233;144360 284;162360 321;162360 341;162360 365;162360 392;144360 395;162360 
160: 
161: 56;151560 60;151560 78;151560 96;151560 121;151560 146;151560 157;151560 172;151560 209;151560 238;151560 260;151560 262;151560 296;151560 358;151560 383;151560 
162: 7;144360 11;137160 12;140760 34;147960 89;147960 101;144360 108;147960 110;147960 117;147960 123;133560 147;147960 167;140760 178;147960 181;147960 195;147960 198;147960 234;147960 245;147960 301;147960 350;147960 365;147960 376;147960 385;144360 396;144360 400;147960 
163: 48;151560 108;151560 123;151560 132;151560 138;151560 203;151560 206;151560 220;151560 277;151560 362;151560 
164: 4;86759.7 23;86759.7 38;90359.7 53;90359.7 58;90359.7 82;90359.7 92;90359.7 100;90359.7 114;86759.7 136;90359.7 161;86759.7 166;86759.7 202;90359.7 220;90359.7 230;90359.7 240;90359.7 248;90359.7 269;90359.7 300;86759.7 309;86759.7 333;86759.7 336;90359.7 377;90359.7 393;90359.7 
165: 46;165960 72;162360 77;165960 93;165960 100;162360 132;165960 147;165960 150;162360 157;165960 161;165960 195;162360 197;165960 205;165960 209;133560 253;165960 264;165960 290;165960 309;165960 337;165960 352;165960 361;165960 379;165960 380;162360 385;165960 389;158760 
166: 7;140760 14;133560 22;137160 24;137160 29;140760 35;140760 38;140760 67;140760 68;140760 69;133560 92;140760 100;140760 137;137160 142;140760 195;140760 227;140760 233;137160 320;140760 335;129960 345;133560 364;140760 373;140760 380;140760 391;140760 394;140760 
167: 11;126360 24;126360 35;126360 37;111960 40;126360 46;126360 47;119160 140;126360 157;126360 158;126360 169;122760 200;126360 246;119160 256;119160 267;126360 284;126360 288;122760 301;122760 309;126360 334;122760 338;122760 361;122760 370;126360 378;126360 392;126360 
168: 0;165960 7;165960 20;165960 38;162360 46;162360 65;165960 89;165960 119;165960 126;165960 148;165960 149;162360 165;162360 179;162360 181;165960 209;165960 259;165960 292;165960 298;162360 301;165960 324;165960 346;165960 365;165960 373;165960 392;165960 396;162360 
169: 
170: 7;129960 12;129960 14;129960 35;126360 46;129960 62;129960 68;126360 92;129960 100;126360 147;129960 195;129960 209;129960 220;129960 227;129960 233;129960 269;126360 335;129960 345;129960 364;129960 373;126360 380;126360 394;126360 400;129960 
171: 
172: 21;104760 35;108360 81;108360 110;108360 111;108360 114;108360 139;108360 147;108360 153;108360 161;108360 162;108360 174;104760 199;108360 201;108360 218;104760 220;108360 240;101160 322;108360 357;108360 367;108360 383;108360 392;104760 
173: 3;155160 17;155160 46;155160 125;155160 169;155160 197;155160 206;155160 234;155160 246;155160 284;155160 314;155160 338;155160 345;155160 361;155160 378;155160 387;155160 
174: 15;144360 23;115560 58;144360 82;108360 136;111960 161;144360 166;144360 167;144360 169;108360 201;115560 216;115560 230;144360 278;144360 281;144360 300;144360 309;144360 322;115560 326;144360 336;144360 345;144360 350;115560 373;144360 377;115560 391;144360 
175: 
176: 7;97559.7 12;115560 14;97559.7 22;115560 46;97559.7 62;115560 68;97559.7 92;115560 100;115560 147;115560 195;115560 209;115560 220;115560 227;115560 233;115560 269;115560 335;97559.7 345;115560 373;97559.7 391;97559.7 400;115560 
177: 21;155160 28;151560 32;155160 38;151560 54;155160 67;155160 69;151560 73;155160 149;151560 159;151560 194;155160 206;151560 220;155160 228;155160 229;155160 237;155160 238;155160 300;151560 303;155160 313;151560 315;155160 322;111960 384;155160 392;155160 399;151560 
178: 
179: 
180: 5;119160 17;119160 35;119160 38;122760 52;119160 104;122760 109;119160 124;122760 143;122760 156;119160 191;122760 214;119160 267;119160 284;122760 290;122760 291;119160 296;122760 379;122760 385;122760 389;122760 390;122760 
181: 11;158760 34;162360 39;165960 51;165960 72;162360 82;165960 89;165960 101;165960 108;165960 123;158760 152;165960 153;162360 178;162360 184;158760 195;165960 198;165960 211;162360 245;165960 293;165960 301;165960 376;162360 383;155160 385;165960 396;165960 400;162360 
182: 52;126360 75;126360 103;126360 128;126360 209;126360 247;126360 252;126360 265;126360 356;126360 
183: 
184: 
185: 37;165960 47;165960 56;162360 60;165960 66;158760 76;162360 78;165960 90;165960 114;165960 146;165960 149;165960 175;162360 211;165960 232;162360 254;165960 260;165960 264;165960 272;165960 296;151560 335;165960 345;165960 373;165960 393;165960 394;165960 400;162360 
186: 6;126360 11;126360 75;126360 80;126360 85;126360 114;126360 211;126360 232;126360 233;126360 234;126360 262;126360 267;126360 314;126360 334;126360 354;126360 394;126360 
187: 21;158760 35;165960 48;162360 53;162360 59;165960 94;158760 102;162360 114;162360 152;165960 218;158760 220;165960 230;165960 242;165960 274;165960 304;165960 311;165960 314;155160 322;165960 326;165960 336;162360 343;165960 348;165960 367;162360 383;165960 392;162360 
188: 
189: 
190: 17;126360 52;129960 72;129960 84;129960 93;129960 94;129960 125;129960 141;129960 164;129960 182;129960 194;129960 197;126360 201;129960 233;129960 246;126360 340;129960 347;126360 361;129960 365;126360 375;129960 389;129960 
191: 1;115560 21;140760 30;140760 34;108360 35;115560 46;115560 48;115560 78;140760 81;140760 108;140760 110;140760 141;140760 153;140760 206;108360 233;115560 259;140760 334;111960 342;140760 343;115560 348;140760 354;140760 383;140760 389;140760 399;140760 
192: 
193: 
194: 13;133560 57;133560 70;133560 72;133560 77;133560 147;133560 150;129960 160;133560 161;133560 205;129960 214;133560 220;133560 231;133560 238;133560 239;133560 256;133560 299;129960 337;129960 369;129960 377;129960 379;133560 383;133560 389;133560 
195: 30;133560 54;133560 100;133560 153;133560 276;133560 280;133560 305;133560 343;133560 353;133560 
196: 38;162360 41;165960 47;162360 60;165960 94;162360 130;158760 144;165960 150;165960 152;144360 155;165960 157;162360 163;165960 207;165960 219;165960 253;165960 265;165960 267;162360 327;165960 334;162360 340;165960 353;165960 354;165960 370;158760 382;165960 392;158760 
197: 7;101160 12;101160 14;101160 22;101160 68;101160 92;101160 100;101160 147;101160 227;101160 269;101160 335;101160 364;101160 373;101160 380;101160 394;101160 400;101160 
198: 
199: 
200: 31;162360 32;162360 66;165960 83;165960 102;165960 108;165960 114;165960 122;162360 147;165960 151;165960 159;165960 230;165960 231;158760 240;165960 275;165960 283;165960 295;155160 321;165960 322;162360 326;165960 330;165960 341;165960 348;158760 365;162360 370;165960 
201: 12;151560 19;151560 37;151560 56;147960 60;151560 68;151560 78;137160 105;151560 157;151560 209;147960 227;151560 260;151560 262;151560 264;151560 267;151560 291;147960 294;147960 296;151560 314;144360 315;137160 358;151560 360;151560 365;147960 373;147960 397;151560 
202: 
203: 13;147960 38;147960 47;147960 68;147960 94;147960 163;147960 219;147960 253;147960 265;147960 267;147960 290;147960 315;147960 337;147960 353;147960 365;147960 382;147960 
204: 
205: 16;115560 51;115560 83;111960 89;115560 93;115560 102;115560 108;115560 131;115560 133;111960 185;115560 201;111960 218;115560 223;115560 226;108360 244;115560 256;115560 258;115560 259;115560 275;111960 323;108360 327;115560 340;115560 346;115560 347;108360 396;111960 
206: 1;133560 67;133560 79;133560 91;133560 111;133560 149;133560 157;133560 191;133560 211;133560 229;133560 317;133560 322;133560 337;133560 341;133560 372;133560 395;133560 
207: 1;165960 34;165960 46;165960 84;165960 104;165960 107;165960 115;158760 119;165960 141;165960 157;165960 162;165960 175;165960 191;165960 206;158760 210;165960 211;162360 223;147960 294;165960 317;165960 342;162360 350;165960 367;158760 369;165960 382;151560 385;165960 
208: 10;144360 21;144360 22;144360 56;144360 67;137160 100;144360 115;144360 122;144360 150;144360 177;144360 197;140760 198;144360 227;144360 233;144360 262;144360 264;140760 321;140760 322;144360 335;144360 353;137160 364;140760 373;144360 380;144360 394;133560 400;144360 
209: 
210: 
211: 38;165960 50;165960 58;165960 62;162360 64;165960 76;158760 82;165960 106;155160 108;165960 114;165960 136;165960 167;165960 169;165960 177;165960 201;165960 220;165960 230;165960 240;162360 300;162360 309;162360 314;162360 326;165960 367;165960 377;165960 391;165960 
212: 3;144360 60;144360 100;140760 130;144360 136;144360 144;144360 150;140760 152;144360 180;144360 206;144360 226;144360 228;144360 242;144360 267;144360 303;144360 315;140760 327;140760 343;144360 344;144360 367;144360 382;140760 392;144360 
213: 24;144360 29;144360 38;144360 63;144360 67;144360 68;140760 69;144360 113;144360 125;144360 142;144360 174;144360 182;140760 200;140760 216;129960 244;144360 246;140760 249;129960 269;144360 291;144360 294;144360 320;140760 331;144360 335;144360 372;144360 389;144360 
214: 1;162360 15;162360 21;162360 34;165960 46;165960 48;165960 139;165960 141;165960 152;165960 153;165960 206;165960 218;165960 237;165960 244;165960 254;165960 281;165960 294;165960 322;165960 342;158760 343;162360 350;162360 367;158760 383;158760 389;165960 399;165960 
215: 
216: 7;165960 14;165960 22;165960 24;165960 29;165960 35;165960 38;162360 67;165960 68;158760 69;165960 92;165960 100;165960 137;158760 142;162360 195;165960 227;162360 233;165960 320;165960 335;165960 345;165960 364;165960 373;165960 380;162360 391;165960 394;158760 
217: 35;162360 43;165960 64;165960 83;165960 93;165960 107;165960 108;165960 150;165960 174;165960 201;165960 231;165960 250;158760 271;162360 277;162360 281;162360 297;165960 322;165960 323;165960 329;165960 332;165960 345;147960 347;165960 348;165960 363;162360 367;165960 
218: 31;115560 32;115560 66;115560 83;115560 122;115560 147;115560 151;115560 159;115560 230;115560 231;115560 240;115560 275;115560 295;115560 321;115560 322;115560 326;115560 330;115560 348;115560 365;115560 370;115560 
219: 10;108360 12;108360 13;108360 21;104760 45;108360 57;104760 69;108360 119;108360 125;108360 185;104760 194;101160 197;108360 218;108360 225;108360 256;108360 267;108360 272;104760 283;108360 295;108360 298;108360 323;101160 347;104760 362;108360 365;104760 392;108360 
220: 22;137160 26;165960 48;137160 73;165960 102;165960 139;165960 153;165960 205;165960 207;165960 218;165960 226;137160 230;165960 242;137160 300;165960 322;165960 343;137160 348;165960 365;137160 374;165960 383;165960 389;165960 
221: 16;111960 38;108360 51;108360 66;111960 89;111960 93;111960 108;104760 122;111960 131;104760 185;111960 190;111960 201;111960 226;111960 246;111960 258;111960 259;108360 275;111960 330;111960 340;111960 344;108360 346;108360 347;111960 370;111960 396;111960 
222: 0;126360 38;126360 39;126360 44;126360 58;115560 62;122760 82;119160 98;126360 100;126360 106;126360 114;126360 136;126360 166;126360 167;126360 176;122760 230;126360 240;126360 248;126360 269;126360 283;126360 300;126360 336;126360 365;126360 377;115560 391;111960 
223: 21;165960 28;165960 32;165960 38;165960 54;165960 67;158760 69;165960 73;158760 149;165960 159;165960 194;151560 206;165960 220;162360 228;165960 229;158760 237;165960 238;165960 300;165960 303;165960 313;165960 315;165960 322;165960 384;162360 392;165960 399;162360 
224: 7;165960 38;165960 73;165960 89;165960 149;165960 179;165960 189;165960 195;165960 245;165960 301;165960 346;165960 360;165960 385;165960 389;165960 392;165960 396;165960 
225: 17;133560 52;137160 72;137160 93;133560 94;137160 125;137160 132;133560 135;137160 141;137160 145;137160 164;137160 182;137160 185;129960 190;137160 194;133560 197;137160 201;133560 233;133560 246;137160 290;137160 340;137160 347;137160 361;133560 365;129960 375;137160 
226: 88;155160 117;155160 185;155160 205;155160 252;155160 311;155160 324;155160 349;155160 371;155160 378;155160 
227: 5;137160 52;133560 81;137160 91;133560 101;133560 104;133560 141;137160 145;137160 147;137160 156;137160 182;133560 189;137160 236;137160 238;137160 287;133560 290;137160 313;137160 365;137160 366;137160 368;137160 390;137160 395;137160 
228: 16;147960 38;144360 51;144360 66;147960 89;147960 93;144360 108;147960 122;144360 131;147960 185;147960 190;147960 201;147960 218;144360 226;147960 246;140760 258;144360 259;147960 275;147960 330;140760 340;147960 344;147960 346;147960 347;147960 370;147960 396;144360 
229: 7;165960 12;162360 14;165960 22;165960 35;158760 46;165960 62;165960 68;155160 92;162360 100;165960 147;165960 195;151560 209;162360 220;162360 227;165960 233;165960 269;165960 335;158760 345;165960 364;165960 373;165960 380;158760 391;165960 394;155160 400;165960 
230: 10;158760 20;162360 24;158760 40;158760 56;162360 67;162360 83;162360 96;155160 115;162360 143;162360 172;162360 198;158760 203;162360 208;158760 270;155160 288;155160 321;162360 323;162360 326;162360 329;158760 340;162360 372;162360 380;162360 394;158760 
231: 
232: 31;137160 66;165960 80;137160 122;165960 131;137160 134;165960 147;104760 185;165960 190;137160 197;165960 204;165960 222;165960 226;165960 236;165960 244;165960 246;165960 275;165960 301;165960 314;165960 330;165960 340;165960 347;137160 370;137160 375;165960 400;165960 
233: 8;140760 48;140760 64;104760 75;140760 96;140760 98;140760 112;111960 113;140760 131;115560 211;111960 234;140760 290;140760 317;140760 322;115560 337;140760 339;115560 343;111960 348;140760 363;140760 367;111960 372;140760 377;115560 383;140760 389;115560 399;140760 
234: 1;165960 21;165960 34;165960 35;165960 46;162360 48;165960 139;162360 141;165960 152;165960 153;151560 201;165960 206;165960 218;165960 244;165960 294;158760 300;165960 322;165960 342;165960 343;165960 348;165960 350;158760 367;165960 383;165960 389;165960 399;165960 
235: 61;137160 104;137160 128;137160 208;137160 302;137160 303;137160 394;137160 397;137160 
236: 43;158760 54;158760 65;158760 121;158760 172;158760 175;158760 178;158760 262;115560 265;158760 357;158760 
237: 
238: 52;158760 60;158760 61;158760 93;158760 102;158760 182;158760 201;158760 255;158760 280;158760 324;158760 347;158760 361;158760 370;158760 
239: 48;165960 60;162360 65;155160 68;165960 69;165960 89;165960 94;165960 99;165960 150;165960 157;165960 159;165960 213;165960 219;162360 252;162360 267;165960 285;158760 293;165960 296;165960 315;162360 339;162360 360;165960 370;165960 374;165960 375;158760 377;162360 
240: 15;165960 38;165960 58;165960 62;155160 82;165960 100;158760 106;165960 114;165960 136;162360 166;158760 167;158760 169;162360 201;165960 220;165960 230;165960 248;165960 269;165960 300;155160 309;165960 321;165960 322;165960 326;162360 336;165960 377;165960 391;162360 
241: 
242: 64;111960 83;111960 106;111960 150;111960 205;111960 229;111960 296;111960 324;111960 328;111960 
243: 11;162360 16;158760 24;162360 38;126360 41;162360 67;162360 80;162360 94;162360 114;162360 155;162360 158;162360 163;162360 233;162360 246;126360 262;162360 267;162360 278;126360 282;162360 285;158760 287;162360 311;158760 334;162360 337;158760 353;158760 354;162360 
244: 10;158760 13;165960 35;165960 54;151560 68;165960 71;165960 77;162360 101;162360 112;158760 128;165960 155;165960 163;162360 233;162360 236;162360 265;165960 275;165960 290;165960 315;158760 317;162360 334;165960 337;165960 342;165960 343;165960 354;165960 365;162360 
245: 
246: 24;158760 38;165960 88;165960 93;165960 94;162360 115;165960 125;165960 132;165960 135;165960 163;165960 185;162360 190;165960 194;162360 201;165960 207;162360 225;162360 228;165960 265;162360 340;162360 347;165960 365;165960 369;165960 370;165960 385;165960 396;165960 
247: 6;140760 11;140760 47;147960 56;147960 74;147960 75;147960 80;147960 82;137160 114;147960 176;147960 211;144360 232;147960 234;147960 254;147960 262;147960 267;144360 275;147960 278;147960 282;140760 314;147960 334;147960 335;144360 346;147960 394;140760 
248: 21;165960 38;165960 51;165960 75;165960 91;165960 114;165960 131;165960 139;165960 153;165960 159;155160 167;165960 201;165960 217;162360 240;165960 254;162360 260;162360 269;162360 272;165960 281;165960 289;165960 294;165960 303;165960 319;165960 320;165960 392;162360 
249: 
250: 
251: 7;151560 12;151560 14;147960 22;151560 35;147960 46;147960 62;151560 92;151560 100;147960 147;151560 195;151560 209;147960 220;147960 227;151560 233;151560 269;151560 335;151560 345;151560 373;147960 380;151560 391;151560 400;151560 
252: 21;115560 58;115560 69;115560 73;115560 114;111960 153;115560 196;115560 197;115560 213;115560 230;115560 240;115560 250;115560 299;111960 312;115560 319;115560 348;115560 391;115560 399;115560 
253: 3;97559.7 24;97559.7 29;97559.7 47;97559.7 96;97559.7 114;97559.7 155;97559.7 157;97559.7 274;97559.7 284;97559.7 297;97559.7 334;97559.7 338;97559.7 356;97559.7 361;97559.7 370;97559.7 378;97559.7 
254: 48;137160 114;137160 118;137160 139;137160 201;137160 217;137160 231;137160 240;137160 276;137160 285;137160 289;137160 367;137160 383;137160 389;137160 391;137160 
255: 11;115560 16;115560 24;115560 38;115560 67;115560 80;115560 94;115560 114;115560 158;115560 163;115560 246;115560 267;115560 285;115560 287;115560 311;115560 334;115560 
256: 13;137160 72;137160 87;137160 93;137160 160;137160 225;137160 231;137160 246;137160 290;137160 347;137160 350;137160 361;137160 375;137160 377;137160 379;137160 389;137160 
257: 1;165960 21;162360 34;165960 35;158760 46;165960 48;165960 139;165960 141;165960 152;165960 153;162360 201;165960 206;165960 218;151560 244;165960 294;162360 300;165960 322;165960 342;165960 343;162360 348;165960 350;165960 367;158760 383;162360 389;162360 399;165960 
258: 10;162360 21;165960 24;158760 70;165960 80;165960 88;165960 105;165960 114;165960 158;165960 163;158760 173;165960 207;162360 222;162360 253;165960 265;165960 271;165960 278;165960 285;158760 307;165960 334;162360 336;162360 340;165960 353;165960 370;165960 396;165960 
259: 22;140760 29;140760 35;147960 110;147960 115;144360 119;144360 153;144360 165;147960 170;147960 183;147960 203;144360 206;147960 219;147960 271;140760 299;144360 315;147960 322;147960 339;147960 343;140760 346;147960 348;147960 353;140760 385;147960 389;147960 400;147960 
260: 
261: 6;165960 22;165960 23;165960 34;140760 38;165960 46;162360 60;165960 61;162360 86;162360 104;165960 115;147960 119;165960 141;165960 149;165960 162;165960 191;165960 207;162360 229;165960 288;165960 302;140760 308;165960 317;147960 342;162360 367;165960 369;165960 
262: 
263: 21;140760 102;140760 114;140760 139;140760 153;140760 218;140760 230;140760 240;140760 242;140760 322;140760 348;140760 367;140760 389;140760 391;140760 399;140760 
264: 21;90359.7 35;90359.7 48;90359.7 52;90359.7 64;90359.7 73;90359.7 75;90359.7 98;90359.7 146;90359.7 260;90359.7 290;90359.7 300;90359.7 317;90359.7 332;90359.7 348;90359.7 350;90359.7 374;90359.7 
265: 72;165960 93;165960 125;162360 128;165960 131;158760 135;165960 164;165960 185;162360 190;165960 194;165960 197;165960 201;158760 225;165960 226;165960 228;165960 246;165960 314;165960 330;165960 340;158760 347;165960 365;165960 369;165960 375;162360 385;165960 396;162360 
266: 
267: 
268: 
269: 17;151560 63;151560 72;151560 93;151560 94;151560 97;147960 125;151560 135;151560 138;151560 173;151560 174;151560 185;151560 197;151560 201;151560 233;151560 242;151560 260;151560 340;151560 365;147960 372;147960 398;147960 
270: 10;165960 22;162360 56;165960 83;165960 115;165960 143;162360 172;158760 198;165960 203;165960 208;165960 220;162360 233;165960 276;165960 279;165960 281;162360 284;165960 288;165960 320;165960 321;162360 324;165960 340;165960 364;165960 372;165960 380;165960 394;165960 
271: 
272: 22;119160 24;119160 68;119160 92;119160 139;115560 142;119160 148;119160 166;119160 170;119160 185;119160 195;119160 204;119160 213;115560 227;119160 242;119160 271;115560 325;115560 364;119160 373;119160 380;119160 394;119160 
273: 8;158760 30;158760 58;158760 65;158760 82;158760 105;158760 109;158760 166;158760 169;158760 175;158760 201;158760 248;158760 269;158760 300;158760 364;158760 373;158760 
274: 
275: 
276: 10;165960 21;165960 22;165960 56;158760 67;165960 83;165960 94;158760 115;165960 143;165960 172;158760 197;165960 218;158760 224;165960 233;158760 302;158760 321;165960 335;165960 340;165960 364;165960 373;158760 380;165960 394;165960 
277: 15;133560 23;144360 28;140760 35;144360 43;144360 73;144360 83;137160 93;144360 110;144360 146;140760 161;144360 174;144360 187;144360 201;144360 216;140760 278;144360 281;144360 297;144360 322;144360 329;144360 345;140760 348;133560 350;140760 363;144360 367;144360 
278: 21;165960 48;165960 75;165960 98;165960 100;162360 113;165960 157;162360 197;165960 209;165960 253;165960 264;162360 294;165960 300;165960 323;165960 337;165960 348;165960 352;165960 380;162360 383;165960 385;165960 397;165960 
279: 10;158760 13;158760 21;158760 69;158760 119;158760 125;158760 185;158760 197;158760 218;158760 256;158760 283;158760 295;158760 323;158760 347;158760 362;158760 365;158760 392;158760 
280: 12;165960 47;165960 56;162360 60;165960 68;158760 77;165960 78;162360 119;165960 157;165960 201;165960 209;165960 227;162360 238;158760 254;155160 260;165960 262;162360 264;165960 267;165960 296;165960 314;155160 335;165960 360;165960 364;165960 373;165960 397;165960 
281: 
282: 39;158760 51;158760 81;158760 86;144360 119;158760 123;144360 146;158760 152;158760 153;158760 165;144360 172;144360 195;158760 198;140760 211;140760 234;158760 245;158760 284;158760 293;158760 301;158760 346;140760 383;158760 385;144360 389;158760 396;158760 400;158760 
283: 8;165960 21;165960 67;162360 75;165960 82;162360 98;165960 113;165960 135;165960 139;165960 177;165960 211;165960 240;158760 244;162360 290;162360 294;165960 300;165960 317;165960 322;165960 323;162360 337;165960 348;162360 350;165960 363;165960 367;165960 385;165960 
284: 4;158760 5;155160 13;162360 46;165960 61;165960 72;165960 83;162360 93;165960 104;162360 135;165960 136;165960 139;165960 141;165960 147;162360 160;165960 207;165960 210;165960 223;162360 238;165960 256;165960 317;165960 347;165960 350;162360 367;165960 369;165960 
285: 7;165960 39;155160 73;165960 86;165960 119;165960 123;165960 146;165960 165;162360 181;165960 189;162360 193;165960 195;162360 197;165960 198;162360 245;165960 293;165960 301;165960 346;162360 347;162360 351;162360 365;165960 376;165960 385;155160 389;165960 396;165960 
286: 
287: 11;165960 34;165960 39;165960 51;165960 72;165960 82;126360 89;126360 101;137160 108;165960 123;165960 152;162360 153;165960 178;165960 184;165960 195;165960 198;165960 211;162360 245;165960 293;165960 301;165960 376;165960 383;165960 385;165960 396;162360 400;137160 
288: 26;133560 153;133560 203;133560 226;133560 276;133560 281;133560 284;133560 300;133560 320;133560 324;133560 343;133560 348;133560 372;133560 374;133560 383;133560 392;133560 
289: 1;165960 21;158760 32;165960 54;165960 63;162360 67;165960 79;165960 91;162360 111;165960 149;165960 155;165960 157;165960 177;165960 191;158760 211;162360 220;165960 229;162360 260;165960 313;162360 317;162360 322;162360 337;165960 341;165960 372;165960 395;165960 
290: 0;162360 38;162360 44;165960 52;165960 58;165960 98;165960 100;162360 106;165960 114;165960 136;162360 166;162360 176;162360 204;155160 205;165960 206;165960 248;162360 283;165960 293;165960 300;165960 353;165960 354;165960 365;165960 377;165960 386;165960 391;165960 
291: 
292: 39;155160 51;155160 81;158760 86;158760 119;155160 123;158760 146;158760 152;158760 153;158760 165;155160 172;158760 195;155160 198;158760 211;158760 234;158760 245;155160 284;158760 293;151560 301;158760 346;147960 383;155160 385;158760 389;158760 396;158760 400;158760 
293: 15;101160 53;101160 58;101160 92;101160 100;101160 106;101160 112;101160 136;101160 161;101160 201;101160 202;101160 220;101160 240;101160 322;101160 333;101160 336;101160 391;101160 
294: 0;155160 39;155160 58;155160 98;155160 100;155160 114;155160 136;155160 166;155160 176;155160 240;155160 269;155160 300;155160 377;155160 391;155160 
295: 72;151560 125;151560 131;151560 164;151560 194;151560 201;151560 246;151560 314;151560 330;151560 340;151560 347;151560 365;151560 375;151560 385;151560 396;151560 
296: 7;115560 39;115560 73;119160 86;119160 119;119160 146;115560 165;119160 181;115560 189;119160 193;119160 195;119160 197;115560 198;119160 245;115560 293;111960 301;111960 346;119160 347;119160 351;119160 365;119160 376;115560 385;115560 389;115560 396;119160 
297: 35;165960 52;165960 64;165960 73;119160 75;165960 110;162360 113;165960 131;162360 139;165960 146;165960 174;165960 244;162360 260;162360 300;165960 317;165960 322;165960 323;162360 332;162360 337;162360 339;165960 363;165960 367;162360 374;162360 383;165960 397;165960 
298: 21;144360 45;144360 81;144360 102;144360 119;144360 139;144360 197;144360 201;144360 218;140760 230;144360 242;144360 283;144360 323;140760 367;144360 383;144360 391;144360 392;140760 
299: 
300: 21;111960 48;111960 75;111960 139;111960 141;111960 153;111960 244;111960 294;111960 317;111960 322;111960 323;111960 337;111960 350;111960 383;111960 399;111960 
301: 28;140760 32;144360 38;144360 54;144360 67;144360 69;144360 73;144360 149;144360 159;144360 206;140760 220;144360 228;144360 229;144360 237;144360 238;144360 300;144360 303;144360 313;126360 315;144360 322;140760 384;126360 392;140760 399;144360 
302: 17;133560 30;133560 38;133560 52;133560 81;133560 141;133560 145;133560 151;133560 152;133560 156;133560 287;133560 290;133560 291;133560 341;133560 385;133560 390;133560 
303: 
304: 41;122760 66;101160 72;122760 77;122760 93;122760 136;122760 147;122760 150;122760 161;122760 194;101160 195;101160 205;101160 238;122760 239;122760 290;122760 319;122760 337;122760 345;122760 369;122760 379;122760 389;122760 396;122760 
305: 12;147960 47;147960 56;147960 60;147960 68;147960 78;147960 119;147960 227;147960 238;147960 254;147960 264;147960 267;147960 314;147960 335;147960 364;147960 397;147960 
306: 
307: 
308: 7;101160 39;101160 86;101160 119;101160 146;101160 165;101160 189;101160 193;101160 197;101160 198;101160 293;101160 346;101160 347;101160 351;101160 376;101160 389;101160 396;101160 
309: 
310: 10;158760 12;165960 13;165960 21;162360 45;165960 57;162360 69;158760 119;165960 125;162360 185;165960 194;165960 197;155160 218;165960 225;165960 256;162360 267;162360 272;165960 283;165960 295;165960 298;165960 323;165960 347;165960 362;158760 365;165960 392;162360 
311: 7;158760 21;155160 29;158760 35;162360 102;155160 105;162360 114;162360 119;155160 137;162360 139;162360 152;158760 153;162360 182;162360 201;162360 220;162360 240;158760 309;162360 342;151560 348;158760 367;162360 371;162360 384;162360 389;162360 391;158760 392;162360 
312: 11;162360 24;158760 35;162360 38;162360 41;158760 47;162360 80;162360 88;162360 94;162360 114;162360 155;158760 157;162360 158;162360 163;155160 207;158760 246;158760 253;155160 265;151560 278;162360 285;158760 334;162360 340;162360 353;162360 354;155160 370;162360 
313: 28;151560 38;147960 58;140760 69;151560 73;147960 81;151560 102;144360 106;147960 114;151560 166;151560 194;147960 201;147960 206;151560 220;147960 228;151560 237;151560 238;151560 240;147960 250;147960 254;151560 300;151560 315;147960 319;147960 384;151560 399;147960 
314: 8;129960 48;158760 64;129960 75;158760 96;158760 98;158760 112;158760 113;158760 131;129960 211;133560 234;133560 290;158760 317;133560 322;158760 337;158760 339;133560 343;158760 348;158760 363;133560 367;158760 372;158760 377;129960 383;158760 389;158760 399;133560 
315: 38;144360 41;144360 47;137160 60;140760 94;144360 130;140760 144;144360 150;144360 152;144360 155;144360 157;133560 163;144360 207;140760 219;144360 253;144360 265;137160 267;144360 327;144360 334;137160 340;133560 353;144360 354;144360 370;140760 382;140760 392;137160 
316: 
317: 13;165960 38;162360 47;165960 54;165960 68;162360 71;158760 94;162360 112;155160 152;158760 155;165960 163;162360 219;165960 253;165960 265;162360 267;165960 290;165960 315;165960 334;165960 337;162360 353;165960 354;165960 365;165960 370;165960 382;165960 392;165960 
318: 0;162360 5;165960 17;165960 34;165960 35;165960 48;165960 59;162360 76;165960 95;165960 104;162360 114;108360 124;162360 156;165960 187;165960 195;165960 242;162360 291;162360 293;165960 304;162360 322;162360 344;162360 365;165960 383;165960 390;162360 392;165960 
319: 21;165960 35;165960 38;162360 81;162360 114;162360 139;165960 153;165960 159;162360 167;158760 201;158760 217;165960 231;162360 237;165960 240;165960 242;165960 243;162360 250;165960 254;162360 281;165960 289;165960 300;155160 303;165960 383;165960 392;165960 399;162360 
320: 35;165960 64;165960 70;133560 73;165960 98;165960 101;133560 110;165960 139;165960 141;133560 146;133560 245;165960 260;165960 264;165960 280;165960 290;165960 318;165960 322;165960 327;133560 331;165960 348;133560 363;165960 367;165960 374;133560 383;133560 
321: 17;126360 52;126360 72;126360 93;126360 94;126360 125;126360 132;126360 164;126360 194;126360 197;126360 201;126360 340;126360 
322: 35;101160 48;101160 114;101160 139;101160 152;101160 153;101160 201;101160 242;101160 250;101160 300;101160 321;101160 367;101160 383;101160 389;101160 391;101160 399;101160 
323: 
324: 7;158760 14;158760 22;155160 24;158760 29;158760 35;158760 38;158760 67;158760 68;158760 69;158760 92;158760 100;158760 137;158760 142;155160 195;155160 227;158760 233;158760 320;115560 335;155160 345;158760 364;158760 373;158760 380;155160 391;158760 394;158760 
325: 46;147960 86;147960 91;147960 110;147960 147;147960 175;147960 184;147960 189;147960 198;147960 227;147960 300;147960 312;147960 313;147960 351;147960 360;147960 368;147960 395;147960 
326: 0;97559.7 58;97559.7 62;97559.7 82;97559.7 98;97559.7 100;97559.7 106;97559.7 114;97559.7 166;97559.7 167;97559.7 176;97559.7 269;97559.7 283;97559.7 336;97559.7 377;97559.7 391;97559.7 
327: 81;165960 114;162360 139;165960 145;165960 152;165960 153;162360 159;165960 170;165960 186;165960 201;151560 203;165960 218;162360 220;165960 226;165960 232;165960 240;158760 242;162360 269;165960 274;165960 300;165960 322;162360 343;165960 348;165960 367;165960 399;162360 
328: 0;140760 21;115560 46;140760 75;140760 113;140760 149;140760 153;140760 171;140760 179;140760 198;115560 290;140760 323;140760 337;140760 348;140760 350;140760 360;140760 368;140760 383;115560 388;115560 392;140760 
329: 
330: 0;119160 38;115560 39;108360 44;119160 58;119160 62;115560 82;115560 98;119160 100;115560 106;119160 114;111960 136;119160 166;119160 167;119160 176;119160 230;115560 240;119160 248;119160 269;119160 283;115560 300;119160 336;119160 365;104760 377;119160 391;119160 
331: 24;158760 29;165960 38;162360 67;165960 68;165960 69;162360 91;165960 111;165960 113;162360 137;165960 141;165960 142;165960 153;162360 164;165960 166;165960 200;162360 206;165960 244;165960 246;158760 269;162360 294;165960 300;165960 320;165960 335;165960 389;165960 
332: 25;97559.7 36;97559.7 58;97559.7 121;97559.7 142;97559.7 193;97559.7 244;97559.7 246;97559.7 250;93959.7 282;93959.7 299;97559.7 308;93959.7 309;97559.7 312;93959.7 321;97559.7 326;97559.7 337;97559.7 373;93959.7 400;97559.7 
333: 
334: 4;158760 10;165960 13;165960 20;165960 38;158760 46;165960 65;162360 68;162360 87;162360 89;165960 137;165960 148;165960 149;165960 157;165960 179;165960 181;165960 203;162360 240;165960 280;165960 292;165960 298;162360 324;165960 342;162360 353;165960 361;162360 
335: 52;90359.7 93;90359.7 132;90359.7 135;90359.7 145;90359.7 164;90359.7 190;90359.7 194;90359.7 201;90359.7 220;90359.7 233;90359.7 246;90359.7 340;90359.7 347;90359.7 361;90359.7 365;90359.7 
336: 11;147960 24;147960 35;147960 38;144360 41;144360 47;144360 80;147960 88;147960 94;147960 114;144360 155;147960 157;137160 158;147960 163;147960 207;144360 246;144360 253;147960 265;144360 278;147960 285;133560 334;147960 340;147960 353;147960 354;147960 370;147960 
337: 61;151560 63;151560 97;151560 104;144360 138;147960 146;151560 173;151560 174;151560 203;151560 242;151560 260;147960 269;151560 305;147960 330;151560 398;151560 400;151560 
338: 3;126360 11;97559.7 24;126360 35;126360 46;93959.7 47;126360 80;126360 114;126360 155;126360 157;126360 158;97559.7 163;93959.7 169;126360 207;126360 246;126360 274;126360 278;126360 284;126360 334;126360 341;126360 354;126360 361;126360 370;97559.7 378;126360 
339: 
340: 
341: 29;162360 52;165960 66;158760 93;165960 94;165960 112;155160 120;162360 125;165960 135;162360 138;165960 155;165960 164;165960 168;162360 184;165960 185;162360 194;165960 197;165960 218;162360 233;165960 321;165960 336;165960 340;165960 362;165960 365;155160 389;165960 
342: 11;93959.7 16;101160 21;101160 24;101160 35;101160 41;97559.7 67;101160 81;97559.7 94;101160 155;101160 158;101160 159;97559.7 163;101160 237;101160 243;101160 250;101160 254;101160 262;101160 281;101160 285;97559.7 287;93959.7 353;97559.7 354;101160 392;97559.7 
343: 21;158760 35;165960 48;165960 81;165960 102;165960 114;162360 139;165960 152;162360 153;165960 201;165960 218;165960 220;165960 230;165960 240;165960 242;165960 250;165960 300;162360 322;165960 348;158760 367;158760 383;158760 389;158760 391;162360 392;162360 399;165960 
344: 21;137160 92;133560 96;133560 100;137160 102;137160 114;133560 139;137160 163;137160 184;133560 194;137160 201;137160 203;133560 218;137160 220;137160 230;137160 242;137160 300;137160 318;133560 348;133560 367;137160 377;137160 391;137160 392;133560 
345: 2;101160 18;101160 100;101160 197;101160 200;101160 221;101160 229;101160 328;101160 
346: 
347: 10;140760 12;122760 13;122760 21;140760 45;140760 57;122760 69;122760 119;140760 125;140760 185;140760 194;122760 197;122760 218;140760 225;119160 256;140760 267;122760 272;140760 283;140760 295;140760 298;119160 323;140760 362;140760 365;122760 385;122760 392;140760 
348: 21;104760 24;108360 35;108360 53;108360 59;104760 94;108360 102;108360 114;108360 152;108360 218;108360 230;108360 242;108360 274;104760 304;108360 311;108360 322;104760 336;108360 367;108360 383;104760 
349: 0;158760 38;158760 39;155160 44;155160 58;158760 62;158760 82;158760 98;158760 100;158760 106;158760 114;155160 136;151560 166;155160 167;158760 176;158760 230;151560 240;158760 248;158760 269;155160 283;155160 300;155160 336;158760 365;155160 377;158760 391;155160 
350: 21;155160 22;158760 75;158760 108;158760 109;158760 115;158760 122;158760 143;155160 160;158760 177;158760 197;151560 198;155160 208;158760 254;151560 315;151560 321;147960 322;147960 335;155160 364;151560 369;158760 371;158760 373;158760 380;158760 394;151560 400;155160 
351: 
352: 41;165960 66;165960 72;165960 77;165960 93;165960 132;165960 136;162360 147;165960 150;165960 160;158760 161;165960 194;165960 195;165960 205;165960 225;165960 238;162360 239;162360 290;158760 319;162360 337;165960 345;162360 369;165960 379;165960 389;162360 396;165960 
353: 
354: 0;108360 38;108360 39;165960 44;165960 58;165960 62;165960 82;165960 98;108360 100;165960 106;165960 136;165960 167;165960 176;165960 230;165960 240;108360 248;165960 269;165960 283;108360 300;165960 336;108360 365;165960 377;165960 391;165960 
355: 
356: 
357: 3;165960 11;162360 24;162360 35;165960 46;165960 47;162360 80;165960 114;162360 155;165960 157;165960 158;165960 163;165960 169;165960 207;165960 246;165960 274;165960 278;165960 284;165960 334;119160 341;165960 354;108360 361;162360 370;165960 378;165960 
358: 12;97559.7 47;97559.7 60;97559.7 77;97559.7 119;97559.7 157;97559.7 227;97559.7 238;97559.7 260;97559.7 264;97559.7 267;97559.7 296;97559.7 314;97559.7 335;97559.7 373;97559.7 397;97559.7 
359: 48;162360 75;162360 98;162360 100;165960 131;165960 141;165960 157;165960 197;165960 209;165960 244;165960 253;165960 264;162360 294;165960 300;165960 317;162360 322;165960 337;158760 348;165960 352;165960 367;165960 380;158760 383;165960 385;165960 389;158760 399;165960 
360: 26;151560 31;165960 46;165960 86;165960 89;144360 91;162360 110;165960 147;165960 175;165960 184;162360 189;165960 190;165960 198;162360 227;165960 251;165960 255;165960 300;165960 312;165960 313;162360 331;162360 351;165960 368;162360 388;162360 393;165960 395;165960 
361: 
362: 22;140760 26;140760 73;129960 102;108360 114;140760 153;140760 203;137160 220;140760 226;140760 230;137160 276;140760 281;140760 284;140760 288;140760 300;140760 320;140760 324;140760 343;133560 348;133560 365;137160 372;140760 374;140760 383;133560 389;137160 392;133560 
363: 21;147960 35;147960 48;144360 75;147960 98;140760 113;137160 131;147960 139;147960 141;144360 153;147960 244;147960 290;147960 294;144360 300;144360 317;147960 322;147960 323;147960 337;147960 339;147960 348;147960 350;147960 367;144360 383;137160 397;147960 399;144360 
364: 80;93959.7 134;93959.7 185;93959.7 190;93959.7 204;93959.7 222;93959.7 244;93959.7 246;93959.7 275;93959.7 301;93959.7 314;93959.7 330;93959.7 340;93959.7 347;93959.7 370;93959.7 400;93959.7 
365: 
366: 3;162360 11;162360 24;165960 35;165960 46;165960 47;155160 80;165960 114;165960 155;165960 157;158760 158;165960 163;165960 169;162360 207;165960 246;165960 267;155160 274;165960 278;165960 284;162360 334;165960 341;165960 354;165960 361;162360 370;165960 378;165960 
367: 1;140760 34;140760 46;140760 48;140760 84;140760 107;140760 113;137160 115;137160 139;140760 162;140760 202;140760 206;140760 210;140760 218;140760 244;140760 255;137160 294;137160 342;140760 343;140760 350;137160 359;140760 389;140760 399;140760 
368: 11;144360 24;144360 35;140760 37;144360 40;144360 46;144360 47;144360 140;144360 157;144360 158;137160 169;144360 200;144360 246;140760 256;140760 267;140760 284;144360 288;140760 301;144360 309;140760 334;144360 338;144360 361;137160 370;144360 378;144360 392;133560 
369: 11;165960 35;165960 46;165960 47;165960 48;165960 84;165960 116;165960 169;165960 200;165960 284;165960 309;165960 338;165960 361;165960 368;165960 378;165960 
370: 60;119160 94;119160 98;119160 150;119160 152;119160 176;119160 180;119160 203;115560 208;119160 281;115560 283;119160 289;119160 295;115560 334;119160 353;119160 354;119160 392;119160 398;119160 
371: 2;165960 18;165960 21;155160 29;165960 63;155160 89;165960 100;165960 119;165960 126;155160 146;155160 152;165960 168;151560 181;165960 197;165960 200;151560 221;155160 229;165960 259;155160 293;165960 298;165960 324;155160 337;165960 345;165960 362;165960 396;155160 
372: 1;162360 16;162360 24;162360 63;162360 79;158760 94;162360 106;162360 113;162360 115;162360 116;155160 141;162360 152;162360 155;162360 191;158760 206;162360 218;162360 238;158760 244;155160 265;151560 337;158760 341;162360 350;155160 383;158760 384;162360 395;162360 
373: 15;129960 38;147960 58;147960 62;147960 82;147960 100;147960 106;126360 114;129960 136;147960 166;147960 167;126360 169;129960 201;147960 220;122760 230;122760 248;147960 269;147960 300;129960 309;147960 321;147960 322;147960 326;129960 336;147960 377;147960 391;147960 
374: 38;93959.7 58;97559.7 62;97559.7 82;97559.7 100;97559.7 114;97559.7 136;97559.7 166;97559.7 220;97559.7 230;97559.7 248;97559.7 269;97559.7 300;97559.7 309;97559.7 321;97559.7 322;97559.7 336;97559.7 377;93959.7 
375: 66;119160 72;119160 77;119160 93;119160 132;115560 136;115560 150;119160 160;115560 161;119160 194;119160 195;119160 205;119160 225;119160 238;119160 239;119160 290;119160 319;119160 337;119160 345;119160 369;119160 379;119160 389;115560 396;115560 
376: 
377: 21;158760 35;162360 48;162360 81;155160 102;162360 114;162360 139;162360 152;162360 153;155160 201;158760 218;162360 220;155160 230;158760 240;162360 242;162360 250;162360 300;151560 322;162360 348;158760 367;162360 383;162360 389;162360 391;162360 392;158760 399;162360 
378: 11;165960 24;165960 25;165960 47;165960 118;162360 125;165960 131;165960 173;165960 197;165960 206;165960 207;165960 249;165960 278;165960 284;165960 310;165960 338;165960 339;162360 345;165960 377;165960 388;162360 
379: 11;137160 35;137160 37;137160 40;137160 46;137160 47;137160 158;137160 169;137160 200;137160 246;137160 284;137160 288;137160 301;137160 334;137160 361;137160 370;137160 378;137160 392;137160 
380: 22;101160 59;101160 87;101160 100;101160 157;101160 158;101160 169;101160 261;101160 264;101160 266;101160 267;101160 274;101160 294;101160 338;101160 341;101160 378;101160 
381: 
382: 39;165960 51;165960 81;155160 86;165960 119;155160 123;165960 152;165960 153;165960 165;165960 172;155160 195;165960 198;165960 211;165960 234;165960 245;155160 284;165960 293;165960 301;165960 346;165960 383;151560 385;151560 389;151560 396;155160 400;165960 
383: 11;158760 24;158760 35;158760 38;155160 41;158760 47;158760 80;158760 88;158760 94;158760 114;158760 155;158760 157;158760 158;155160 163;158760 207;158760 246;155160 253;151560 265;155160 278;147960 285;151560 334;158760 340;158760 353;158760 354;137160 370;158760 
384: 32;122760 54;122760 63;122760 67;122760 79;122760 91;122760 111;122760 149;122760 206;122760 229;122760 230;122760 260;122760 313;122760 318;122760 327;122760 337;122760 388;122760 395;122760 400;122760 
385: 21;158760 35;165960 48;165960 75;158760 98;165960 113;162360 131;165960 139;165960 141;165960 153;162360 244;165960 290;165960 294;165960 300;162360 317;165960 322;162360 323;165960 337;162360 339;162360 348;165960 350;165960 367;165960 383;165960 397;158760 399;165960 
386: 16;158760 33;158760 144;158760 237;158760 257;158760 267;158760 281;158760 346;158760 359;158760 385;158760 
387: 
388: 21;162360 35;162360 48;162360 52;162360 73;158760 75;162360 98;158760 110;162360 146;162360 153;162360 174;158760 260;162360 290;162360 294;162360 300;158760 317;162360 332;162360 339;162360 348;158760 350;162360 363;158760 374;162360 397;158760 
389: 21;119160 35;104760 48;119160 81;119160 102;119160 114;104760 139;119160 152;119160 153;119160 201;101160 218;119160 220;119160 230;119160 240;119160 242;119160 250;101160 281;119160 300;119160 322;119160 348;104760 367;119160 383;119160 391;104760 392;119160 399;119160 
390: 
391: 31;108360 39;104760 48;108360 51;108360 84;108360 86;101160 90;108360 119;104760 145;104760 159;108360 178;108360 201;108360 203;108360 230;108360 240;108360 245;108360 250;108360 322;108360 345;108360 367;108360 383;108360 389;104760 392;104760 399;104760 
392: 67;133560 122;133560 183;133560 184;133560 276;133560 296;133560 305;133560 311;133560 317;133560 382;133560 
393: 31;162360 57;165960 63;165960 66;165960 80;165960 122;162360 134;165960 147;165960 157;162360 165;165960 174;165960 190;165960 213;165960 226;165960 232;162360 239;165960 246;158760 264;162360 330;165960 340;165960 347;165960 348;162360 379;165960 392;162360 400;162360 
394: 10;129960 22;129960 38;119160 56;129960 60;129960 62;126360 68;126360 100;119160 114;129960 208;129960 209;129960 220;126360 227;126360 233;129960 262;126360 264;129960 309;129960 322;129960 335;129960 336;129960 345;129960 364;129960 373;119160 380;126360 400;126360 
395: 16;165960 22;162360 24;165960 47;165960 60;165960 63;162360 68;162360 94;165960 106;162360 116;165960 164;165960 191;165960 194;162360 195;165960 209;162360 233;155160 254;165960 260;165960 262;165960 264;165960 267;165960 335;165960 373;165960 384;165960 400;158760 
396: 1;140760 21;140760 34;140760 48;140760 141;140760 152;140760 153;137160 201;140760 206;137160 218;140760 244;140760 294;140760 300;140760 322;140760 342;140760 343;137160 348;140760 350;140760 367;140760 383;140760 389;137160 399;137160 
397: 21;165960 35;140760 48;165960 81;165960 102;165960 114;165960 139;165960 152;129960 153;165960 201;165960 218;140760 220;126360 230;165960 240;165960 242;165960 250;165960 300;140760 322;165960 348;140760 367;165960 383;122760 389;165960 391;165960 392;165960 399;140760 
398: 17;144360 52;144360 72;144360 93;144360 94;144360 125;144360 182;144360 185;144360 194;144360 201;144360 233;144360 246;144360 340;144360 
399: 15;165960 21;162360 35;147960 58;162360 69;158760 81;158760 102;165960 106;165960 114;165960 159;162360 166;155160 201;165960 220;165960 230;162360 237;165960 240;165960 242;162360 250;162360 254;165960 281;165960 300;165960 319;165960 348;165960 391;165960 392;165960 
400: 
