0: 
1: 5;104760 17;104760 35;104760 38;101160 52;101160 104;104760 109;101160 112;97559.7 124;101160 143;104760 156;104760 191;104760 214;104760 236;104760 238;101160 267;101160 284;101160 290;104760 291;104760 296;104760 377;104760 379;101160 385;104760 389;104760 390;93959.7 
2: 21;104760 62;104760 73;104760 98;101160 106;104760 111;104760 136;104760 167;104760 170;104760 176;104760 182;104760 217;104760 230;101160 240;101160 248;104760 263;93959.7 265;104760 266;97559.7 269;104760 301;101160 336;101160 377;104760 380;104760 
3: 11;104760 34;101160 39;104760 51;101160 72;101160 82;97559.7 89;101160 101;104760 108;104760 123;104760 152;104760 153;101160 178;104760 184;104760 195;104760 198;104760 211;104760 245;104760 293;104760 301;104760 376;97559.7 383;97559.7 385;104760 396;101160 400;104760 
4: 
5: 60;101160 68;101160 78;101160 83;101160 96;101160 119;101160 121;101160 146;101160 157;101160 234;101160 262;101160 264;101160 292;101160 296;101160 347;101160 383;101160 387;101160 
6: 
7: 
8: 
9: 
10: 4;104760 13;101160 17;104760 68;93959.7 87;104760 93;101160 95;104760 127;97559.7 137;101160 141;104760 157;93959.7 164;104760 185;104760 201;104760 203;104760 240;97559.7 275;104760 280;101160 285;104760 290;104760 342;104760 353;104760 361;104760 365;101160 
11: 
12: 
13: 21;97559.7 30;97559.7 78;97559.7 81;97559.7 108;97559.7 110;97559.7 153;97559.7 233;97559.7 240;97559.7 259;97559.7 294;97559.7 334;97559.7 343;97559.7 348;97559.7 383;97559.7 399;97559.7 
14: 15;104760 20;101160 38;104760 43;101160 80;104760 100;101160 106;104760 114;101160 119;101160 136;104760 155;97559.7 166;104760 169;97559.7 201;104760 230;101160 248;101160 269;104760 270;104760 300;97559.7 321;101160 322;104760 358;104760 373;104760 377;104760 
15: 
16: 
17: 72;104760 94;104760 125;104760 135;104760 197;104760 201;104760 246;104760 340;104760 365;104760 
18: 
19: 
20: 21;101160 32;101160 54;104760 63;101160 67;97559.7 79;104760 91;104760 111;104760 149;104760 155;101160 157;104760 177;104760 191;104760 211;104760 220;101160 229;104760 260;104760 313;104760 317;104760 322;104760 337;104760 372;104760 395;101160 
21: 
22: 
23: 41;101160 66;104760 72;104760 77;104760 93;101160 132;104760 136;101160 147;101160 150;104760 161;104760 194;104760 195;101160 205;104760 225;104760 238;97559.7 239;104760 290;101160 319;104760 337;104760 345;104760 369;104760 379;104760 389;104760 396;101160 
24: 
25: 22;104760 29;104760 35;104760 46;97559.7 64;101160 67;101160 69;104760 100;104760 137;101160 142;104760 227;104760 269;104760 282;104760 299;104760 308;104760 320;104760 335;104760 337;104760 374;97559.7 391;104760 393;101160 400;104760 
26: 
27: 
28: 
29: 
30: 
31: 
32: 11;104760 47;104760 75;104760 78;104760 85;104760 114;104760 158;104760 211;104760 234;104760 262;104760 267;104760 278;104760 282;104760 314;104760 334;104760 354;104760 394;104760 
33: 
34: 
35: 21;101160 30;101160 34;104760 46;104760 48;104760 78;101160 81;104760 108;104760 110;101160 141;104760 153;101160 206;104760 233;104760 240;104760 259;104760 294;104760 334;104760 342;97559.7 343;104760 348;104760 354;104760 383;101160 389;104760 399;104760 
36: 
37: 
38: 
39: 
40: 
41: 24;104760 38;104760 72;104760 79;101160 86;97559.7 94;104760 102;104760 157;104760 158;104760 163;104760 199;104760 207;101160 276;97559.7 278;101160 285;101160 301;104760 334;104760 340;101160 353;104760 354;104760 362;104760 370;104760 383;101160 400;104760 
42: 
43: 10;104760 13;104760 21;90359.7 35;104760 68;104760 77;104760 81;101160 98;104760 101;104760 128;104760 145;104760 154;101160 155;104760 170;101160 175;104760 236;104760 244;104760 265;97559.7 275;101160 290;101160 334;101160 342;104760 365;93959.7 378;104760 
44: 
45: 17;104760 91;104760 92;104760 101;104760 102;104760 109;104760 141;104760 195;104760 197;104760 236;101160 237;104760 238;104760 291;104760 322;101160 329;104760 379;104760 390;104760 
46: 
47: 
48: 
49: 
50: 
51: 
52: 
53: 
54: 31;104760 66;104760 80;104760 122;104760 131;101160 134;101160 147;101160 185;104760 190;104760 197;101160 204;101160 222;104760 226;101160 236;104760 244;101160 246;104760 275;101160 301;104760 314;101160 340;104760 347;104760 370;104760 375;101160 400;97559.7 
55: 58;104760 62;104760 82;104760 139;104760 145;104760 175;104760 186;104760 203;104760 226;104760 232;104760 250;104760 254;104760 260;104760 266;104760 267;104760 327;104760 343;104760 
56: 2;101160 10;97559.7 13;104760 59;101160 68;104760 87;104760 90;104760 100;101160 105;101160 117;101160 137;104760 157;104760 233;104760 261;104760 264;104760 266;101160 280;104760 294;101160 338;101160 342;104760 345;104760 364;104760 373;104760 380;101160 
57: 
58: 14;104760 27;104760 38;104760 51;104760 81;104760 107;104760 114;104760 130;97559.7 132;104760 144;104760 164;104760 201;104760 207;104760 231;104760 235;101160 240;101160 242;104760 250;104760 274;104760 289;104760 300;104760 303;93959.7 319;104760 383;101160 384;101160 
59: 
60: 1;104760 21;104760 34;97559.7 46;101160 48;104760 81;97559.7 102;93959.7 139;93959.7 141;104760 152;104760 153;101160 206;90359.7 218;90359.7 242;104760 244;104760 294;104760 300;101160 322;104760 342;104760 343;97559.7 350;104760 367;101160 383;104760 389;101160 399;104760 
61: 
62: 
63: 99;104760 167;104760 210;104760 217;104760 222;104760 276;104760 289;104760 344;104760 378;104760 
64: 
65: 
66: 
67: 4;104760 13;104760 52;104760 68;101160 87;104760 95;97559.7 127;101160 132;104760 135;104760 137;104760 157;97559.7 164;104760 182;101160 203;101160 240;104760 275;104760 280;104760 285;97559.7 290;104760 340;104760 342;104760 353;101160 361;101160 375;104760 389;104760 
68: 2;104760 10;104760 13;101160 59;104760 87;104760 90;104760 100;104760 105;104760 117;104760 137;101160 157;104760 203;104760 233;104760 261;104760 264;104760 266;104760 280;104760 294;101160 300;101160 338;97559.7 342;104760 345;104760 364;101160 373;104760 380;104760 
69: 
70: 
71: 
72: 17;97559.7 52;86759.7 93;97559.7 94;97559.7 125;97559.7 132;97559.7 135;97559.7 141;97559.7 145;97559.7 164;97559.7 182;86759.7 185;97559.7 190;97559.7 194;97559.7 197;86759.7 201;90359.7 233;97559.7 246;86759.7 290;97559.7 340;90359.7 347;97559.7 361;86759.7 365;90359.7 375;90359.7 389;97559.7 
73: 52;104760 132;104760 135;104760 141;104760 164;101160 185;101160 190;101160 194;104760 197;104760 205;104760 215;104760 231;104760 233;104760 246;104760 290;101160 301;104760 337;104760 350;104760 365;104760 389;104760 
74: 
75: 
76: 
77: 66;97559.7 80;97559.7 131;97559.7 134;97559.7 147;97559.7 185;97559.7 197;97559.7 204;97559.7 226;97559.7 246;97559.7 275;97559.7 340;97559.7 347;97559.7 370;97559.7 375;97559.7 400;97559.7 
78: 22;101160 47;101160 68;101160 209;101160 232;101160 254;101160 260;101160 262;101160 267;101160 335;101160 345;101160 373;101160 393;101160 
79: 
80: 
81: 
82: 14;104760 35;104760 38;104760 51;97559.7 58;101160 81;101160 102;104760 106;104760 114;101160 132;104760 136;97559.7 139;104760 144;97559.7 164;104760 167;104760 201;104760 242;101160 269;104760 300;104760 303;101160 326;104760 377;104760 384;104760 389;104760 391;97559.7 
83: 
84: 
85: 
86: 6;97559.7 23;104760 34;104760 46;101160 82;104760 104;104760 107;104760 115;104760 117;104760 119;104760 141;101160 149;104760 157;104760 191;104760 207;104760 211;104760 256;104760 314;104760 317;104760 342;104760 350;101160 369;97559.7 
87: 
88: 
89: 
90: 
91: 
92: 
93: 
94: 22;104760 47;101160 56;101160 60;104760 68;104760 114;90359.7 175;104760 194;104760 209;97559.7 227;104760 232;101160 233;104760 254;104760 260;104760 262;104760 264;101160 267;104760 296;104760 335;101160 345;104760 364;104760 373;93959.7 393;97559.7 394;101160 400;101160 
95: 21;97559.7 91;97559.7 114;97559.7 153;97559.7 167;97559.7 201;97559.7 240;97559.7 254;97559.7 272;97559.7 281;97559.7 294;97559.7 303;97559.7 320;97559.7 
96: 
97: 
98: 
99: 
100: 38;93959.7 55;93959.7 67;93959.7 97;93959.7 117;93959.7 123;93959.7 199;93959.7 293;93959.7 318;93959.7 
101: 
102: 
103: 
104: 16;104760 51;101160 83;104760 102;104760 108;104760 131;104760 133;101160 185;101160 201;104760 218;101160 223;104760 226;104760 256;104760 258;104760 259;104760 275;104760 323;104760 346;101160 347;104760 396;104760 
105: 
106: 
107: 1;104760 21;101160 34;104760 35;104760 46;97559.7 48;97559.7 139;101160 141;104760 152;101160 153;104760 206;104760 218;104760 244;101160 294;104760 300;104760 322;101160 342;104760 343;104760 348;101160 350;104760 367;101160 383;104760 389;101160 399;104760 
108: 
109: 37;104760 40;104760 140;104760 157;104760 158;104760 159;101160 160;104760 164;104760 169;104760 172;104760 196;104760 226;101160 246;104760 252;104760 267;104760 280;101160 304;104760 307;104760 338;104760 370;101160 378;104760 
110: 
111: 2;104760 10;104760 13;104760 68;97559.7 87;104760 90;97559.7 100;104760 105;104760 117;101160 137;104760 157;104760 203;101160 233;104760 261;101160 264;104760 266;101160 280;104760 294;104760 338;104760 342;101160 345;101160 364;104760 373;104760 380;101160 
112: 
113: 1;101160 21;104760 35;101160 46;104760 48;101160 141;104760 152;104760 153;104760 201;104760 218;101160 244;104760 294;101160 300;104760 342;104760 343;104760 348;104760 350;104760 367;104760 383;104760 389;104760 399;104760 
114: 21;97559.7 35;97559.7 48;97559.7 75;97559.7 98;97559.7 113;97559.7 131;97559.7 139;97559.7 141;97559.7 244;97559.7 290;97559.7 300;97559.7 317;97559.7 322;97559.7 323;97559.7 337;97559.7 348;97559.7 367;97559.7 397;97559.7 
115: 
116: 
117: 24;97559.7 35;97559.7 38;97559.7 41;97559.7 80;97559.7 88;97559.7 155;97559.7 158;97559.7 163;97559.7 207;97559.7 246;97559.7 278;97559.7 334;97559.7 340;97559.7 353;97559.7 354;97559.7 370;97559.7 
118: 
119: 21;104760 35;104760 48;104760 81;101160 102;104760 114;104760 139;104760 153;101160 201;104760 218;104760 230;104760 240;104760 242;104760 250;101160 300;104760 322;101160 348;104760 367;104760 383;104760 391;101160 392;104760 399;101160 
120: 
121: 
122: 
123: 
124: 0;101160 7;104760 20;104760 38;104760 65;104760 73;101160 89;101160 119;104760 126;104760 148;104760 179;104760 199;101160 201;104760 220;104760 223;104760 259;104760 273;104760 291;101160 298;104760 301;101160 350;104760 392;101160 396;104760 
125: 
126: 
127: 
128: 
129: 
130: 
131: 
132: 26;97559.7 46;97559.7 72;97559.7 79;97559.7 86;97559.7 114;97559.7 117;97559.7 157;97559.7 199;93959.7 211;97559.7 220;97559.7 276;93959.7 284;97559.7 288;97559.7 301;97559.7 324;97559.7 362;97559.7 372;97559.7 383;93959.7 389;97559.7 400;93959.7 
133: 16;104760 38;104760 51;104760 66;104760 89;104760 108;104760 131;104760 185;104760 201;104760 218;104760 226;104760 258;104760 259;104760 275;104760 340;104760 346;104760 370;104760 
134: 0;101160 12;97559.7 44;97559.7 98;101160 114;101160 115;101160 118;101160 127;101160 157;101160 166;101160 176;101160 204;97559.7 248;101160 288;97559.7 290;101160 293;101160 302;101160 354;101160 374;101160 
135: 24;93959.7 43;90359.7 57;93959.7 63;93959.7 67;90359.7 89;93959.7 91;93959.7 111;90359.7 114;93959.7 138;93959.7 155;93959.7 163;93959.7 169;90359.7 202;93959.7 222;90359.7 236;93959.7 237;90359.7 265;90359.7 267;93959.7 322;93959.7 337;93959.7 339;90359.7 347;93959.7 360;93959.7 
136: 47;104760 60;104760 90;104760 146;104760 149;104760 175;104760 232;104760 260;104760 296;104760 335;104760 345;104760 373;104760 393;104760 394;104760 
137: 
138: 16;101160 22;104760 24;104760 57;104760 67;104760 80;104760 89;97559.7 114;93959.7 155;104760 163;104760 169;104760 202;101160 222;97559.7 236;101160 243;104760 267;104760 278;97559.7 285;104760 287;104760 289;104760 322;104760 334;101160 337;101160 353;101160 354;104760 
139: 
140: 12;104760 48;104760 77;104760 81;104760 157;104760 201;104760 218;104760 220;104760 238;104760 242;104760 250;104760 314;104760 348;104760 383;104760 391;104760 397;104760 399;104760 
141: 7;104760 21;104760 33;104760 38;104760 51;104760 86;104760 131;104760 139;104760 204;104760 207;104760 240;104760 254;104760 281;104760 289;104760 392;104760 
142: 40;104760 86;104760 98;104760 119;104760 172;104760 232;104760 245;104760 246;104760 261;104760 278;104760 282;104760 299;104760 308;104760 374;104760 383;104760 387;104760 393;104760 
143: 
144: 21;101160 27;104760 38;104760 51;104760 81;101160 130;104760 153;97559.7 159;97559.7 167;104760 201;104760 207;104760 215;97559.7 231;104760 235;101160 237;104760 240;104760 250;104760 254;104760 274;101160 289;101160 300;104760 303;104760 319;104760 392;101160 
145: 15;104760 23;104760 38;104760 58;101160 62;101160 100;101160 106;104760 161;104760 166;104760 167;104760 169;101160 187;101160 201;101160 216;93959.7 220;101160 230;104760 253;104760 278;101160 281;104760 322;104760 326;104760 350;104760 377;104760 391;104760 
146: 76;101160 194;101160 202;101160 217;101160 222;101160 260;101160 331;101160 382;101160 
147: 
148: 
149: 7;101160 39;104760 73;101160 86;104760 119;104760 123;104760 146;104760 165;101160 181;101160 189;101160 193;104760 195;104760 197;97559.7 198;104760 245;97559.7 293;101160 301;104760 346;101160 347;104760 351;97559.7 365;101160 376;104760 385;101160 389;104760 396;104760 
150: 5;104760 31;101160 47;97559.7 54;104760 66;104760 80;104760 91;104760 131;104760 134;101160 183;101160 204;104760 219;104760 222;97559.7 223;101160 226;97559.7 236;104760 246;104760 260;104760 269;104760 275;104760 314;104760 330;104760 345;104760 350;101160 400;101160 
151: 
152: 
153: 
154: 
155: 
156: 
157: 
158: 11;104760 34;104760 39;104760 51;104760 72;104760 82;104760 89;104760 101;104760 108;104760 123;104760 153;104760 178;104760 184;101160 195;104760 198;104760 211;104760 245;101160 293;104760 301;101160 376;104760 383;104760 385;104760 400;104760 
159: 
160: 
161: 
162: 
163: 
164: 4;86759.7 23;86759.7 38;90359.7 53;90359.7 58;90359.7 82;90359.7 92;90359.7 100;90359.7 114;86759.7 136;90359.7 161;86759.7 166;86759.7 202;90359.7 220;90359.7 230;90359.7 240;90359.7 248;90359.7 269;90359.7 300;86759.7 309;86759.7 333;86759.7 336;90359.7 377;90359.7 393;90359.7 
165: 46;104760 72;101160 77;104760 93;101160 100;104760 132;104760 147;101160 150;104760 157;101160 161;104760 195;104760 197;104760 205;101160 209;104760 253;101160 264;101160 337;104760 352;104760 361;104760 379;104760 385;104760 389;101160 
166: 7;104760 14;101160 22;101160 24;104760 29;101160 35;104760 38;101160 67;104760 68;104760 69;104760 92;101160 100;104760 137;104760 142;104760 195;104760 227;90359.7 233;104760 320;104760 335;104760 345;104760 364;104760 373;104760 380;97559.7 391;104760 394;104760 
167: 
168: 
169: 
170: 
171: 
172: 21;104760 81;104760 110;104760 111;104760 114;104760 139;104760 147;104760 153;104760 161;101160 162;104760 174;104760 199;101160 201;101160 218;104760 220;101160 240;101160 322;104760 357;104760 367;104760 383;104760 392;104760 
173: 
174: 
175: 
176: 7;97559.7 14;97559.7 22;97559.7 46;97559.7 62;97559.7 68;97559.7 92;97559.7 100;97559.7 147;97559.7 209;97559.7 220;97559.7 227;97559.7 269;97559.7 335;97559.7 345;97559.7 373;97559.7 391;97559.7 400;97559.7 
177: 21;104760 28;104760 32;101160 54;104760 67;101160 73;101160 149;104760 159;104760 194;104760 206;104760 220;104760 228;104760 229;101160 238;104760 300;104760 315;104760 322;101160 384;104760 392;104760 399;104760 
178: 
179: 
180: 
181: 11;104760 34;104760 39;97559.7 51;97559.7 72;104760 82;104760 89;101160 101;104760 108;104760 123;101160 152;101160 153;104760 178;104760 184;101160 195;104760 198;104760 245;101160 293;101160 301;101160 376;97559.7 383;104760 385;104760 396;104760 400;104760 
182: 
183: 
184: 
185: 37;97559.7 47;97559.7 56;93959.7 60;97559.7 66;93959.7 76;93959.7 78;93959.7 90;97559.7 114;97559.7 146;93959.7 149;97559.7 175;97559.7 211;93959.7 264;97559.7 272;97559.7 296;97559.7 335;97559.7 345;97559.7 373;93959.7 393;93959.7 394;97559.7 400;97559.7 
186: 
187: 21;104760 35;104760 48;101160 53;101160 59;101160 94;101160 102;104760 114;104760 152;104760 218;104760 220;104760 230;101160 242;104760 274;104760 304;104760 311;104760 322;101160 336;104760 343;104760 348;104760 367;101160 383;104760 392;104760 
188: 
189: 
190: 
191: 1;104760 30;104760 34;104760 48;104760 78;104760 81;104760 108;104760 110;104760 141;104760 153;104760 206;104760 233;104760 259;104760 334;104760 348;104760 383;104760 389;104760 399;104760 
192: 
193: 
194: 
195: 
196: 
197: 7;101160 12;101160 14;101160 22;101160 68;101160 92;101160 100;101160 147;101160 227;101160 269;101160 335;101160 364;101160 373;101160 380;101160 394;101160 400;101160 
198: 
199: 
200: 32;104760 66;104760 83;104760 102;104760 108;104760 122;104760 147;104760 151;104760 159;104760 230;104760 231;104760 240;104760 275;104760 283;104760 322;104760 326;104760 330;104760 348;104760 370;104760 
201: 12;104760 19;104760 37;104760 56;101160 60;104760 68;101160 78;104760 105;104760 157;104760 209;104760 227;104760 260;104760 262;104760 264;101160 267;101160 291;104760 294;97559.7 296;104760 314;104760 315;101160 358;104760 360;97559.7 365;101160 373;104760 397;101160 
202: 
203: 
204: 
205: 16;104760 51;104760 83;101160 89;97559.7 93;104760 102;101160 108;97559.7 131;101160 133;104760 185;101160 201;104760 218;101160 223;101160 226;104760 244;104760 256;104760 258;104760 259;104760 275;104760 323;104760 327;104760 340;101160 347;104760 396;104760 
206: 
207: 1;101160 34;104760 46;101160 84;101160 107;104760 115;104760 141;104760 157;104760 162;101160 175;104760 206;104760 210;104760 211;104760 294;104760 317;104760 342;101160 350;104760 367;104760 369;104760 382;104760 385;104760 
208: 
209: 
210: 
211: 50;101160 58;101160 62;104760 64;104760 76;104760 82;104760 106;104760 108;104760 114;104760 136;104760 167;101160 169;101160 177;104760 201;104760 220;104760 230;104760 240;104760 300;104760 309;101160 314;104760 326;104760 367;104760 377;104760 391;97559.7 
212: 
213: 
214: 
215: 
216: 
217: 
218: 
219: 10;104760 12;101160 13;101160 21;104760 45;104760 57;104760 69;104760 119;104760 125;104760 185;104760 194;101160 197;97559.7 218;104760 225;101160 256;104760 267;101160 272;104760 283;104760 295;104760 298;104760 323;101160 347;104760 362;104760 365;104760 392;101160 
220: 
221: 51;104760 66;104760 89;104760 93;104760 108;104760 122;104760 131;104760 185;104760 201;104760 226;104760 246;104760 258;104760 344;104760 370;104760 396;104760 
222: 
223: 
224: 
225: 
226: 
227: 
228: 16;101160 66;101160 93;101160 108;101160 131;101160 185;101160 201;101160 246;101160 258;101160 259;101160 330;101160 346;101160 347;101160 370;101160 396;101160 
229: 
230: 
231: 
232: 31;97559.7 66;104760 80;101160 122;104760 131;101160 134;104760 147;104760 185;104760 190;101160 197;101160 204;104760 222;101160 226;104760 244;104760 246;104760 275;104760 301;104760 314;101160 330;101160 340;104760 347;101160 370;104760 400;104760 
233: 8;101160 48;104760 64;104760 75;104760 96;97559.7 98;104760 112;104760 113;104760 131;101160 211;101160 234;104760 290;104760 317;104760 337;104760 339;101160 343;93959.7 348;104760 363;97559.7 367;104760 372;104760 377;104760 383;101160 389;104760 399;97559.7 
234: 1;104760 21;101160 34;104760 35;104760 48;101160 139;104760 141;104760 152;101160 153;104760 201;104760 206;101160 218;104760 244;101160 294;104760 300;104760 322;101160 342;104760 343;104760 350;104760 367;104760 383;101160 399;104760 
235: 
236: 
237: 
238: 
239: 
240: 15;104760 38;104760 58;104760 62;104760 82;101160 100;97559.7 106;104760 114;104760 136;104760 166;101160 167;104760 169;97559.7 201;104760 220;101160 230;104760 248;104760 269;104760 300;104760 309;97559.7 321;101160 322;101160 326;104760 336;104760 377;101160 391;104760 
241: 
242: 
243: 
244: 10;97559.7 13;101160 35;104760 54;104760 68;104760 71;104760 77;104760 101;97559.7 112;104760 128;104760 155;101160 163;104760 233;104760 236;104760 265;101160 275;104760 290;101160 315;101160 317;104760 334;104760 337;104760 342;104760 343;104760 354;101160 365;101160 
245: 
246: 24;97559.7 38;104760 88;101160 93;104760 94;104760 115;104760 125;104760 132;101160 135;104760 163;104760 185;104760 201;104760 207;104760 225;101160 228;101160 265;97559.7 340;104760 347;104760 365;104760 369;104760 370;104760 385;104760 396;101160 
247: 
248: 21;104760 38;104760 51;104760 75;104760 91;101160 114;101160 131;104760 139;101160 153;104760 159;104760 167;104760 201;104760 217;104760 240;104760 254;93959.7 260;101160 269;104760 272;104760 281;104760 289;104760 294;101160 303;101160 319;104760 320;101160 392;104760 
249: 
250: 
251: 
252: 
253: 3;97559.7 24;97559.7 29;97559.7 47;97559.7 96;97559.7 114;97559.7 155;97559.7 157;97559.7 274;97559.7 284;97559.7 297;97559.7 334;97559.7 338;97559.7 356;97559.7 361;97559.7 370;97559.7 378;97559.7 
254: 
255: 
256: 
257: 
258: 
259: 
260: 
261: 6;101160 22;104760 23;104760 34;104760 38;101160 46;97559.7 60;101160 61;104760 86;101160 104;104760 115;97559.7 119;104760 141;104760 149;101160 162;104760 191;104760 207;104760 229;97559.7 288;101160 302;104760 308;101160 317;104760 342;104760 367;104760 369;104760 
262: 
263: 
264: 21;90359.7 35;90359.7 48;90359.7 52;90359.7 64;90359.7 73;90359.7 75;90359.7 98;90359.7 146;90359.7 260;90359.7 290;90359.7 300;90359.7 317;90359.7 332;90359.7 348;90359.7 350;90359.7 374;90359.7 
265: 72;104760 93;104760 125;104760 128;101160 131;104760 135;104760 164;104760 185;101160 190;101160 194;104760 197;104760 201;101160 225;101160 226;104760 228;101160 246;101160 314;101160 340;104760 347;104760 365;104760 369;104760 375;104760 385;104760 396;101160 
266: 
267: 
268: 
269: 
270: 10;101160 22;104760 56;104760 83;101160 143;104760 172;104760 198;104760 203;104760 208;104760 220;101160 233;104760 276;104760 279;104760 281;104760 284;104760 288;101160 320;104760 321;104760 324;101160 340;104760 364;101160 380;104760 394;104760 
271: 
272: 
273: 
274: 
275: 
276: 
277: 
278: 
279: 
280: 12;104760 47;104760 56;104760 60;97559.7 68;104760 77;104760 78;104760 119;104760 157;104760 201;104760 209;97559.7 227;104760 238;104760 254;104760 260;104760 262;97559.7 264;104760 267;104760 296;104760 335;104760 360;101160 364;104760 373;104760 397;104760 
281: 
282: 51;104760 81;104760 119;104760 123;104760 146;104760 165;104760 195;104760 211;104760 234;104760 245;104760 301;104760 346;104760 383;104760 389;104760 400;104760 
283: 
284: 
285: 7;97559.7 39;104760 73;104760 86;104760 119;104760 123;104760 146;104760 165;104760 181;104760 189;104760 193;101160 197;104760 198;101160 245;104760 293;104760 301;104760 346;101160 347;104760 351;104760 365;104760 376;97559.7 385;104760 389;97559.7 396;101160 
286: 
287: 
288: 
289: 
290: 0;101160 38;104760 44;104760 52;104760 58;101160 98;97559.7 100;101160 106;101160 114;104760 136;104760 176;104760 204;104760 205;104760 206;97559.7 248;104760 283;101160 293;104760 300;104760 353;104760 354;104760 365;104760 377;104760 386;104760 391;101160 
291: 
292: 39;97559.7 51;97559.7 81;97559.7 86;97559.7 119;97559.7 146;97559.7 152;97559.7 165;97559.7 172;97559.7 198;97559.7 211;97559.7 234;97559.7 245;97559.7 284;97559.7 301;97559.7 385;97559.7 396;97559.7 400;97559.7 
293: 15;101160 53;101160 58;101160 92;101160 100;101160 106;101160 112;101160 136;101160 161;101160 201;101160 202;101160 220;101160 240;101160 322;101160 333;101160 336;101160 391;101160 
294: 
295: 
296: 
297: 35;104760 52;104760 64;104760 73;104760 75;101160 131;104760 139;104760 146;104760 174;101160 260;104760 300;104760 323;104760 332;101160 337;101160 339;101160 363;101160 367;104760 374;104760 383;104760 397;104760 
298: 
299: 
300: 
301: 
302: 
303: 
304: 41;101160 66;101160 136;101160 147;101160 194;101160 195;101160 205;101160 238;101160 290;101160 319;101160 337;101160 345;101160 369;101160 
305: 
306: 
307: 
308: 7;101160 39;101160 86;101160 119;101160 146;101160 165;101160 189;101160 193;101160 197;101160 198;101160 293;101160 346;101160 347;101160 351;101160 376;101160 389;101160 396;101160 
309: 
310: 
311: 
312: 
313: 28;104760 58;104760 69;104760 81;104760 102;104760 194;104760 206;104760 220;104760 228;104760 238;104760 240;104760 250;104760 384;104760 399;104760 
314: 8;104760 48;104760 64;104760 75;97559.7 96;104760 98;104760 112;104760 113;104760 131;104760 211;104760 234;104760 317;104760 322;104760 337;101160 339;104760 343;104760 348;104760 363;97559.7 367;104760 372;104760 377;97559.7 383;104760 389;104760 399;97559.7 
315: 38;97559.7 41;104760 47;97559.7 60;104760 94;101160 130;97559.7 144;104760 150;104760 152;104760 155;104760 157;104760 163;97559.7 207;101160 219;104760 253;97559.7 265;104760 267;104760 327;104760 334;97559.7 340;104760 353;104760 354;101160 392;104760 
316: 
317: 13;104760 38;104760 47;104760 54;101160 68;104760 71;104760 94;97559.7 112;97559.7 152;104760 155;101160 163;93959.7 219;101160 253;104760 265;97559.7 267;101160 290;104760 315;104760 334;104760 337;104760 353;104760 354;101160 365;104760 370;104760 382;104760 
318: 0;101160 5;101160 17;101160 34;104760 35;97559.7 48;104760 59;104760 76;104760 95;104760 104;101160 114;104760 124;104760 156;104760 187;104760 195;104760 242;104760 291;104760 293;104760 304;104760 322;104760 344;101160 365;104760 383;101160 390;104760 392;101160 
319: 21;104760 35;104760 38;104760 81;101160 114;101160 139;104760 153;101160 159;93959.7 167;104760 201;97559.7 217;101160 231;101160 237;101160 240;104760 242;104760 243;104760 250;101160 254;93959.7 281;104760 289;104760 300;104760 303;104760 383;104760 392;104760 399;101160 
320: 
321: 
322: 35;101160 48;101160 114;101160 139;101160 152;101160 153;101160 201;101160 242;101160 250;101160 300;101160 321;101160 367;101160 383;101160 389;101160 391;101160 399;101160 
323: 
324: 
325: 
326: 0;97559.7 58;97559.7 62;97559.7 82;97559.7 98;97559.7 100;97559.7 106;97559.7 114;97559.7 166;97559.7 167;97559.7 176;97559.7 269;97559.7 283;97559.7 336;97559.7 377;97559.7 391;97559.7 
327: 
328: 
329: 
330: 0;104760 38;97559.7 39;104760 44;104760 58;97559.7 62;101160 82;104760 98;101160 100;104760 106;104760 114;104760 136;104760 166;104760 167;104760 230;104760 240;104760 248;104760 269;104760 283;101160 336;104760 365;104760 377;104760 391;101160 
331: 24;104760 29;104760 67;104760 68;104760 91;104760 111;104760 113;104760 142;104760 153;104760 164;104760 166;104760 244;104760 246;104760 269;104760 300;104760 335;104760 
332: 25;97559.7 36;97559.7 58;97559.7 121;97559.7 142;97559.7 193;97559.7 244;97559.7 246;97559.7 250;93959.7 282;93959.7 299;97559.7 308;93959.7 309;97559.7 312;93959.7 321;97559.7 326;97559.7 337;97559.7 373;93959.7 400;97559.7 
333: 
334: 4;104760 10;101160 13;104760 20;104760 38;101160 46;104760 65;104760 68;104760 87;101160 89;93959.7 137;104760 148;104760 149;104760 157;104760 179;104760 181;104760 203;104760 240;101160 280;104760 292;104760 298;97559.7 324;104760 342;101160 353;93959.7 361;93959.7 
335: 52;90359.7 93;90359.7 132;90359.7 135;90359.7 145;90359.7 164;90359.7 190;90359.7 194;90359.7 201;90359.7 220;90359.7 233;90359.7 246;90359.7 340;90359.7 347;90359.7 361;90359.7 365;90359.7 
336: 
337: 
338: 3;93959.7 11;97559.7 24;93959.7 46;93959.7 47;97559.7 80;97559.7 114;93959.7 155;97559.7 157;93959.7 158;97559.7 163;93959.7 169;93959.7 207;97559.7 246;97559.7 274;97559.7 278;97559.7 284;93959.7 334;97559.7 341;97559.7 361;97559.7 370;97559.7 378;97559.7 
339: 
340: 
341: 
342: 11;93959.7 16;101160 21;101160 24;101160 35;101160 41;97559.7 67;101160 81;97559.7 94;101160 155;101160 158;101160 159;97559.7 163;101160 237;101160 243;101160 250;101160 254;101160 262;101160 281;101160 285;97559.7 287;93959.7 353;97559.7 354;101160 392;97559.7 
343: 21;104760 35;104760 48;101160 81;104760 102;104760 114;101160 139;104760 152;104760 153;104760 201;104760 218;104760 220;101160 230;104760 240;97559.7 242;97559.7 250;104760 300;104760 322;104760 348;104760 367;104760 383;97559.7 389;97559.7 391;104760 392;104760 399;104760 
344: 
345: 2;101160 18;101160 100;101160 197;101160 200;101160 221;101160 229;101160 328;101160 
346: 
347: 
348: 21;104760 53;104760 59;104760 94;104760 102;104760 152;104760 242;104760 274;104760 304;104760 311;104760 322;104760 336;104760 383;104760 
349: 
350: 
351: 
352: 
353: 
354: 
355: 
356: 
357: 
358: 12;97559.7 47;97559.7 60;97559.7 77;97559.7 119;97559.7 157;97559.7 227;97559.7 238;97559.7 260;97559.7 264;97559.7 267;97559.7 296;97559.7 314;97559.7 335;97559.7 373;97559.7 397;97559.7 
359: 
360: 
361: 
362: 22;104760 26;104760 114;101160 153;101160 203;104760 220;104760 230;104760 276;104760 281;104760 284;104760 288;104760 300;104760 320;104760 324;101160 343;101160 348;101160 365;101160 372;104760 374;104760 383;104760 389;104760 392;101160 
363: 21;101160 35;104760 48;104760 75;104760 98;104760 113;101160 131;104760 139;104760 141;101160 153;104760 244;104760 290;97559.7 294;104760 300;104760 322;104760 323;97559.7 339;104760 367;101160 383;104760 397;101160 399;101160 
364: 80;93959.7 134;93959.7 185;93959.7 190;93959.7 204;93959.7 222;93959.7 244;93959.7 246;93959.7 275;93959.7 301;93959.7 314;93959.7 330;93959.7 340;93959.7 347;93959.7 370;93959.7 400;93959.7 
365: 
366: 
367: 
368: 
369: 
370: 
371: 
372: 
373: 15;101160 38;104760 58;104760 62;104760 82;104760 100;104760 106;104760 114;104760 136;104760 166;104760 167;101160 169;97559.7 201;104760 220;93959.7 230;97559.7 248;104760 269;101160 300;101160 309;104760 321;104760 322;101160 326;104760 336;101160 377;97559.7 391;104760 
374: 38;93959.7 58;97559.7 62;97559.7 82;97559.7 100;97559.7 114;97559.7 136;97559.7 166;97559.7 220;97559.7 230;97559.7 248;97559.7 269;97559.7 300;97559.7 309;97559.7 321;97559.7 322;97559.7 336;97559.7 377;93959.7 
375: 
376: 
377: 21;104760 35;104760 48;101160 81;104760 102;104760 114;104760 139;104760 152;104760 153;104760 201;104760 218;104760 220;101160 230;104760 240;104760 250;104760 300;97559.7 322;104760 348;97559.7 367;104760 383;104760 389;101160 391;104760 392;104760 399;101160 
378: 
379: 
380: 22;101160 59;101160 87;101160 100;101160 157;101160 158;101160 169;101160 261;101160 264;101160 266;101160 267;101160 274;101160 294;101160 338;101160 341;101160 378;101160 
381: 
382: 
383: 11;104760 35;104760 38;101160 41;104760 47;101160 94;104760 114;101160 155;104760 157;104760 158;104760 163;104760 207;101160 246;104760 253;104760 265;101160 278;101160 285;104760 334;101160 340;101160 353;104760 354;104760 
384: 
385: 35;104760 48;104760 75;104760 98;104760 113;104760 131;104760 139;104760 141;97559.7 153;104760 244;104760 290;101160 294;101160 300;97559.7 317;101160 322;104760 323;97559.7 337;104760 339;104760 348;104760 350;104760 367;101160 383;104760 397;104760 399;104760 
386: 
387: 
388: 
389: 35;104760 48;104760 81;104760 114;104760 139;104760 152;104760 153;104760 201;101160 218;104760 220;104760 230;104760 250;101160 281;104760 300;104760 322;104760 348;104760 367;104760 383;104760 391;104760 399;104760 
390: 
391: 31;101160 39;104760 51;101160 84;101160 86;101160 90;104760 119;104760 145;104760 159;97559.7 178;104760 201;101160 203;104760 230;104760 240;104760 245;104760 250;101160 322;101160 345;104760 367;104760 383;104760 389;104760 392;104760 399;104760 
392: 
393: 31;104760 57;104760 63;104760 66;104760 122;104760 134;104760 147;104760 157;101160 165;104760 174;104760 190;104760 213;104760 232;104760 239;104760 246;104760 264;104760 330;104760 340;101160 348;104760 379;101160 392;104760 400;104760 
394: 10;101160 22;93959.7 38;104760 56;97559.7 60;104760 62;104760 68;97559.7 100;104760 114;104760 208;104760 209;97559.7 220;104760 227;104760 233;104760 262;104760 264;104760 309;104760 322;104760 335;104760 336;101160 345;97559.7 364;101160 373;101160 380;104760 400;104760 
395: 
396: 
397: 21;104760 35;101160 48;104760 102;101160 114;101160 139;104760 152;104760 153;101160 201;104760 218;104760 220;101160 230;104760 240;101160 242;104760 322;101160 348;104760 367;104760 383;101160 389;104760 391;104760 392;104760 399;104760 
398: 
399: 15;104760 21;97559.7 35;104760 58;101160 69;104760 102;104760 106;104760 114;104760 159;104760 166;97559.7 220;97559.7 230;104760 237;104760 240;104760 242;104760 250;101160 254;104760 281;101160 300;104760 319;104760 348;101160 391;104760 392;104760 
400: 
