0: 
1: 5;101160 17;101160 35;97559.7 38;101160 52;101160 104;97559.7 109;101160 112;97559.7 124;101160 143;97559.7 156;101160 191;97559.7 214;101160 236;97559.7 238;101160 267;101160 284;101160 290;101160 291;97559.7 296;97559.7 377;101160 379;101160 385;93959.7 389;101160 390;93959.7 
2: 21;101160 62;97559.7 73;101160 98;101160 106;97559.7 111;101160 136;97559.7 167;101160 170;97559.7 176;101160 182;101160 217;97559.7 230;101160 240;101160 248;101160 263;93959.7 265;97559.7 266;97559.7 269;101160 301;101160 336;101160 377;101160 380;101160 
3: 11;101160 34;101160 39;97559.7 51;101160 72;101160 82;97559.7 89;101160 101;101160 108;101160 123;97559.7 152;101160 153;101160 178;101160 184;101160 195;101160 198;101160 211;101160 245;101160 301;97559.7 376;97559.7 383;97559.7 385;97559.7 396;101160 400;101160 
4: 
5: 60;101160 68;101160 78;101160 83;101160 96;101160 119;101160 121;101160 146;101160 157;101160 234;101160 262;101160 264;101160 292;101160 296;101160 347;101160 383;101160 387;101160 
6: 
7: 
8: 
9: 
10: 4;101160 13;101160 17;101160 68;93959.7 87;101160 93;101160 95;101160 127;97559.7 137;101160 141;101160 157;93959.7 164;101160 185;101160 203;101160 240;97559.7 275;101160 280;101160 285;93959.7 290;97559.7 342;101160 353;93959.7 361;101160 365;101160 
11: 
12: 
13: 21;97559.7 30;97559.7 78;97559.7 81;97559.7 108;97559.7 110;97559.7 153;97559.7 233;97559.7 240;97559.7 259;97559.7 294;97559.7 334;97559.7 343;97559.7 348;97559.7 383;97559.7 399;97559.7 
14: 15;93959.7 20;101160 38;97559.7 43;101160 80;97559.7 100;101160 106;101160 114;101160 119;101160 136;97559.7 155;97559.7 166;101160 169;97559.7 201;101160 230;101160 248;101160 269;101160 270;101160 300;97559.7 321;101160 322;101160 358;97559.7 373;101160 377;93959.7 
15: 
16: 
17: 72;90359.7 125;90359.7 135;90359.7 197;90359.7 201;90359.7 246;90359.7 340;90359.7 365;90359.7 
18: 
19: 
20: 21;101160 32;101160 54;101160 63;101160 67;97559.7 79;101160 91;101160 111;101160 149;97559.7 155;101160 157;101160 177;97559.7 191;101160 211;97559.7 220;101160 229;101160 260;101160 313;101160 317;97559.7 322;101160 337;97559.7 372;101160 395;101160 
21: 
22: 
23: 41;101160 66;97559.7 72;97559.7 77;93959.7 93;101160 132;101160 136;101160 147;101160 150;101160 161;101160 194;101160 195;101160 205;101160 225;97559.7 238;97559.7 239;101160 290;101160 319;101160 337;101160 345;101160 369;97559.7 379;101160 389;97559.7 396;101160 
24: 
25: 29;101160 35;101160 46;97559.7 64;101160 67;101160 69;101160 137;101160 142;101160 227;101160 269;101160 282;97559.7 299;101160 308;101160 320;101160 335;101160 337;101160 374;97559.7 391;101160 393;101160 
26: 
27: 
28: 
29: 
30: 
31: 
32: 
33: 
34: 
35: 21;101160 30;101160 46;101160 48;101160 78;101160 81;101160 108;101160 110;101160 141;101160 153;101160 206;101160 233;101160 240;101160 259;97559.7 294;101160 334;93959.7 342;97559.7 343;101160 348;101160 354;101160 383;101160 389;101160 399;101160 
36: 
37: 
38: 
39: 
40: 
41: 24;101160 72;101160 79;101160 86;97559.7 102;101160 157;101160 158;101160 163;101160 199;97559.7 207;101160 276;97559.7 278;101160 285;101160 301;101160 340;101160 362;97559.7 370;101160 383;101160 400;97559.7 
42: 
43: 10;93959.7 13;101160 21;90359.7 35;101160 68;101160 77;101160 81;101160 98;101160 101;97559.7 128;93959.7 145;101160 154;101160 155;101160 170;101160 175;93959.7 236;101160 244;101160 265;97559.7 275;101160 290;101160 334;101160 342;101160 365;93959.7 378;101160 
44: 
45: 17;101160 92;101160 101;101160 102;101160 109;101160 141;101160 195;101160 236;101160 291;101160 322;101160 329;101160 379;101160 390;101160 
46: 
47: 
48: 
49: 
50: 
51: 
52: 
53: 
54: 66;101160 80;97559.7 122;101160 131;101160 134;101160 147;101160 185;101160 190;101160 197;101160 204;101160 222;97559.7 226;101160 236;101160 244;101160 246;97559.7 275;101160 301;101160 314;101160 340;101160 347;101160 370;101160 375;101160 400;97559.7 
55: 
56: 2;101160 10;97559.7 13;101160 59;101160 68;101160 87;97559.7 100;101160 105;101160 117;101160 137;101160 157;101160 261;101160 264;97559.7 266;101160 280;97559.7 294;101160 338;101160 342;97559.7 345;97559.7 364;93959.7 373;97559.7 380;101160 
57: 
58: 14;101160 27;101160 38;101160 51;101160 81;101160 107;93959.7 114;101160 130;97559.7 132;101160 144;101160 164;101160 207;101160 231;97559.7 235;101160 240;101160 242;101160 250;101160 274;101160 289;101160 300;101160 303;93959.7 319;101160 383;101160 384;101160 
59: 
60: 1;93959.7 21;101160 34;97559.7 46;101160 48;101160 81;97559.7 102;93959.7 139;93959.7 141;90359.7 152;101160 153;101160 206;90359.7 218;90359.7 242;101160 244;101160 294;101160 300;101160 322;101160 342;97559.7 343;97559.7 350;101160 367;101160 383;101160 389;101160 399;101160 
61: 
62: 
63: 
64: 
65: 
66: 
67: 4;101160 13;101160 52;101160 68;101160 87;101160 95;97559.7 127;101160 132;101160 135;93959.7 137;97559.7 157;97559.7 164;101160 182;101160 203;101160 240;97559.7 275;101160 280;101160 285;97559.7 290;101160 340;101160 342;101160 353;101160 361;101160 375;101160 389;97559.7 
68: 2;101160 10;97559.7 13;101160 87;101160 90;101160 100;97559.7 105;101160 117;101160 137;101160 157;93959.7 203;101160 233;93959.7 261;101160 264;97559.7 266;101160 280;101160 294;101160 300;101160 338;97559.7 342;101160 345;101160 364;101160 373;101160 380;93959.7 
69: 
70: 
71: 
72: 17;97559.7 52;86759.7 93;97559.7 94;97559.7 125;97559.7 132;97559.7 135;97559.7 141;97559.7 145;97559.7 164;97559.7 182;86759.7 185;97559.7 190;97559.7 194;97559.7 197;86759.7 201;90359.7 233;97559.7 246;86759.7 290;97559.7 340;90359.7 347;97559.7 361;86759.7 365;90359.7 375;90359.7 389;97559.7 
73: 52;101160 132;101160 141;101160 164;101160 185;101160 190;101160 197;101160 215;101160 290;101160 301;101160 337;101160 350;101160 365;101160 389;101160 
74: 
75: 
76: 
77: 66;97559.7 80;97559.7 131;97559.7 134;97559.7 147;97559.7 185;97559.7 197;97559.7 204;97559.7 226;97559.7 246;97559.7 275;97559.7 340;97559.7 347;97559.7 370;97559.7 375;97559.7 400;97559.7 
78: 22;101160 47;101160 68;101160 209;101160 232;101160 254;101160 260;101160 262;101160 267;101160 335;101160 345;101160 373;101160 393;101160 
79: 
80: 
81: 
82: 14;101160 35;101160 38;101160 51;97559.7 58;101160 81;101160 102;97559.7 106;93959.7 114;101160 132;101160 136;97559.7 139;101160 144;97559.7 164;101160 167;101160 201;101160 242;101160 269;97559.7 300;101160 303;101160 326;101160 377;101160 384;97559.7 389;97559.7 391;97559.7 
83: 
84: 
85: 
86: 6;97559.7 34;101160 46;101160 82;97559.7 104;101160 107;101160 115;101160 117;97559.7 119;101160 141;101160 149;101160 157;101160 191;101160 207;101160 211;97559.7 256;97559.7 314;101160 317;101160 342;101160 350;101160 369;97559.7 
87: 
88: 
89: 
90: 
91: 
92: 
93: 
94: 22;101160 47;101160 56;101160 60;101160 68;97559.7 114;90359.7 175;101160 194;101160 209;97559.7 227;101160 232;101160 233;101160 254;101160 260;93959.7 262;101160 264;101160 267;90359.7 296;97559.7 335;101160 345;101160 364;101160 373;93959.7 393;97559.7 394;101160 400;101160 
95: 21;97559.7 91;97559.7 114;97559.7 153;97559.7 167;97559.7 201;97559.7 240;97559.7 254;97559.7 272;97559.7 281;97559.7 294;97559.7 303;97559.7 320;97559.7 
96: 
97: 
98: 
99: 
100: 38;93959.7 55;93959.7 67;93959.7 97;93959.7 117;93959.7 123;93959.7 199;93959.7 293;93959.7 318;93959.7 
101: 
102: 
103: 
104: 16;101160 51;101160 83;101160 108;101160 131;101160 133;101160 185;101160 201;101160 218;101160 226;101160 256;101160 258;101160 275;101160 346;101160 396;101160 
105: 
106: 
107: 1;101160 21;101160 34;101160 35;97559.7 46;97559.7 48;97559.7 139;101160 141;101160 152;101160 153;101160 206;101160 244;101160 294;97559.7 300;97559.7 322;101160 342;101160 343;101160 348;101160 350;97559.7 367;101160 383;101160 389;101160 399;101160 
108: 
109: 140;101160 159;101160 160;101160 169;101160 172;101160 226;101160 246;101160 267;101160 280;101160 304;101160 307;101160 370;101160 378;101160 
110: 
111: 2;97559.7 10;101160 68;97559.7 87;97559.7 90;97559.7 100;101160 105;101160 117;101160 137;101160 157;101160 203;101160 233;101160 261;101160 264;101160 266;101160 280;101160 294;97559.7 342;101160 345;101160 364;101160 373;101160 380;101160 
112: 
113: 1;101160 21;101160 35;101160 48;101160 153;101160 218;101160 294;101160 300;101160 342;101160 343;101160 348;101160 350;101160 383;101160 389;101160 399;101160 
114: 21;97559.7 35;97559.7 48;97559.7 75;97559.7 98;97559.7 113;97559.7 131;97559.7 139;97559.7 141;97559.7 244;97559.7 290;97559.7 300;97559.7 317;97559.7 322;97559.7 323;97559.7 337;97559.7 348;97559.7 367;97559.7 397;97559.7 
115: 
116: 
117: 24;97559.7 35;97559.7 38;97559.7 41;97559.7 80;97559.7 88;97559.7 155;97559.7 158;97559.7 163;97559.7 207;97559.7 246;97559.7 278;97559.7 334;97559.7 340;97559.7 353;97559.7 354;97559.7 370;97559.7 
118: 
119: 21;97559.7 35;97559.7 48;101160 81;101160 102;101160 114;101160 153;101160 201;101160 218;101160 230;101160 240;97559.7 250;101160 300;97559.7 322;101160 348;101160 367;101160 383;101160 391;101160 392;97559.7 399;101160 
120: 
121: 
122: 
123: 
124: 0;101160 7;101160 20;101160 65;101160 73;101160 89;101160 119;101160 199;101160 201;101160 259;101160 273;101160 291;101160 301;101160 350;101160 392;101160 396;101160 
125: 
126: 
127: 
128: 
129: 
130: 
131: 
132: 26;97559.7 46;97559.7 72;97559.7 79;97559.7 86;97559.7 114;97559.7 117;97559.7 157;97559.7 199;93959.7 211;97559.7 220;97559.7 276;93959.7 284;97559.7 288;97559.7 301;97559.7 324;97559.7 362;97559.7 372;97559.7 383;93959.7 389;97559.7 400;93959.7 
133: 
134: 0;101160 12;97559.7 44;97559.7 98;101160 114;101160 115;101160 118;101160 127;101160 157;101160 166;101160 176;101160 204;97559.7 248;101160 288;97559.7 290;101160 293;101160 302;101160 354;101160 374;101160 
135: 24;93959.7 43;90359.7 57;93959.7 63;93959.7 67;90359.7 89;93959.7 91;93959.7 111;90359.7 114;93959.7 138;93959.7 155;93959.7 163;93959.7 169;90359.7 202;93959.7 222;90359.7 236;93959.7 237;90359.7 265;90359.7 267;93959.7 322;93959.7 337;93959.7 339;90359.7 347;93959.7 360;93959.7 
136: 
137: 
138: 16;101160 22;97559.7 24;101160 57;93959.7 67;101160 89;97559.7 114;93959.7 155;101160 163;101160 169;101160 202;101160 222;97559.7 236;101160 243;97559.7 267;101160 278;97559.7 285;101160 287;97559.7 289;101160 322;90359.7 334;101160 337;101160 353;101160 354;101160 
139: 
140: 
141: 
142: 
143: 
144: 21;101160 27;97559.7 38;101160 51;101160 81;101160 153;97559.7 159;97559.7 167;97559.7 201;101160 207;101160 215;97559.7 235;101160 237;101160 240;101160 250;101160 254;101160 274;101160 289;101160 300;101160 303;97559.7 319;101160 392;101160 
145: 15;93959.7 23;101160 58;101160 62;101160 100;101160 106;101160 161;101160 167;93959.7 169;101160 187;101160 201;101160 216;93959.7 220;101160 230;93959.7 253;101160 278;101160 281;101160 322;101160 326;93959.7 350;101160 377;101160 391;101160 
146: 76;101160 194;101160 202;101160 217;101160 222;101160 260;101160 331;101160 382;101160 
147: 
148: 
149: 7;101160 73;101160 86;101160 119;101160 123;101160 146;101160 165;101160 181;101160 189;101160 193;97559.7 197;97559.7 245;97559.7 293;101160 346;101160 347;101160 351;97559.7 365;101160 376;101160 385;101160 389;101160 396;101160 
150: 5;101160 31;101160 47;97559.7 54;101160 66;101160 80;97559.7 91;101160 134;101160 183;101160 219;97559.7 222;97559.7 223;101160 226;97559.7 236;101160 246;101160 260;101160 269;101160 314;101160 330;101160 345;97559.7 350;101160 400;101160 
151: 
152: 
153: 
154: 
155: 
156: 
157: 
158: 11;101160 39;101160 51;101160 72;101160 82;101160 101;101160 153;101160 184;101160 195;101160 198;101160 211;101160 245;101160 293;101160 301;101160 376;101160 383;101160 385;101160 
159: 
160: 
161: 
162: 
163: 
164: 4;86759.7 23;86759.7 38;90359.7 53;90359.7 58;90359.7 82;90359.7 92;90359.7 100;90359.7 114;86759.7 136;90359.7 161;86759.7 166;86759.7 202;90359.7 220;90359.7 230;90359.7 240;90359.7 248;90359.7 269;90359.7 300;86759.7 309;86759.7 333;86759.7 336;90359.7 377;90359.7 393;90359.7 
165: 46;101160 72;101160 93;101160 100;101160 147;101160 157;101160 161;101160 195;101160 197;101160 205;101160 209;101160 253;101160 264;101160 337;101160 361;101160 385;101160 389;101160 
166: 7;97559.7 14;101160 22;101160 24;101160 29;101160 35;97559.7 38;101160 67;101160 68;97559.7 69;101160 92;101160 100;101160 137;90359.7 142;97559.7 195;101160 227;90359.7 233;101160 320;101160 335;93959.7 345;97559.7 364;101160 373;101160 380;97559.7 391;97559.7 394;97559.7 
167: 
168: 
169: 
170: 
171: 
172: 21;101160 81;101160 110;101160 111;101160 114;101160 139;101160 147;101160 161;101160 174;101160 199;101160 201;101160 218;101160 220;101160 240;101160 322;101160 357;101160 367;101160 383;101160 
173: 
174: 
175: 
176: 7;97559.7 14;97559.7 22;97559.7 46;97559.7 62;97559.7 68;97559.7 92;97559.7 100;97559.7 147;97559.7 209;97559.7 220;97559.7 227;97559.7 269;97559.7 335;97559.7 345;97559.7 373;97559.7 391;97559.7 400;97559.7 
177: 21;101160 32;101160 54;101160 67;101160 73;101160 159;101160 194;101160 229;101160 238;101160 300;101160 315;101160 322;101160 399;101160 
178: 
179: 
180: 
181: 11;101160 34;101160 39;97559.7 51;97559.7 72;101160 82;97559.7 89;101160 101;101160 123;101160 152;101160 153;101160 178;101160 184;101160 195;101160 198;101160 245;101160 293;101160 301;101160 376;97559.7 383;101160 385;97559.7 396;101160 400;101160 
182: 
183: 
184: 
185: 37;97559.7 47;97559.7 56;93959.7 60;97559.7 66;93959.7 76;93959.7 78;93959.7 90;97559.7 114;97559.7 146;93959.7 149;97559.7 175;97559.7 211;93959.7 264;97559.7 272;97559.7 296;97559.7 335;97559.7 345;97559.7 373;93959.7 393;93959.7 394;97559.7 400;97559.7 
186: 
187: 35;101160 48;101160 53;101160 59;101160 94;101160 102;101160 152;101160 230;101160 242;101160 304;101160 311;101160 322;101160 336;101160 343;101160 348;101160 367;101160 383;101160 
188: 
189: 
190: 
191: 
192: 
193: 
194: 
195: 
196: 
197: 7;101160 12;101160 14;101160 22;101160 68;101160 92;101160 100;101160 147;101160 227;101160 269;101160 335;101160 364;101160 373;101160 380;101160 394;101160 400;101160 
198: 
199: 
200: 
201: 12;101160 19;97559.7 37;101160 56;101160 60;101160 68;101160 78;97559.7 105;97559.7 157;97559.7 209;101160 227;101160 262;101160 264;101160 267;101160 291;101160 294;97559.7 296;101160 314;101160 315;101160 360;97559.7 365;101160 373;101160 397;101160 
202: 
203: 
204: 
205: 16;97559.7 51;97559.7 83;101160 89;97559.7 102;101160 108;97559.7 131;101160 133;101160 185;101160 201;101160 218;101160 223;101160 226;101160 244;101160 258;101160 259;97559.7 275;97559.7 327;101160 340;101160 347;101160 396;101160 
206: 
207: 1;101160 34;101160 46;101160 84;101160 115;101160 162;101160 210;101160 211;101160 294;101160 317;101160 342;101160 350;101160 369;101160 
208: 
209: 
210: 
211: 50;101160 58;101160 62;101160 64;101160 76;101160 82;101160 106;101160 108;101160 114;97559.7 136;101160 167;101160 169;101160 201;101160 220;101160 230;101160 240;97559.7 309;101160 314;101160 326;97559.7 367;101160 377;101160 391;97559.7 
212: 
213: 
214: 
215: 
216: 
217: 
218: 
219: 10;101160 12;101160 13;101160 21;101160 45;97559.7 69;101160 119;97559.7 125;101160 185;97559.7 194;101160 197;97559.7 225;101160 256;101160 267;101160 272;101160 323;101160 347;101160 365;101160 392;101160 
220: 
221: 
222: 
223: 
224: 
225: 
226: 
227: 
228: 16;101160 66;101160 93;101160 108;101160 131;101160 185;101160 201;101160 246;101160 258;101160 259;101160 330;101160 346;101160 347;101160 370;101160 396;101160 
229: 
230: 
231: 
232: 31;97559.7 66;97559.7 80;101160 122;101160 131;101160 134;97559.7 147;97559.7 190;101160 197;101160 204;97559.7 222;101160 226;97559.7 244;101160 246;101160 275;97559.7 301;101160 314;101160 330;101160 340;101160 347;101160 370;101160 400;101160 
233: 8;101160 48;101160 64;101160 75;101160 96;97559.7 98;97559.7 112;97559.7 113;101160 131;101160 211;101160 234;101160 290;101160 317;101160 337;97559.7 339;101160 343;93959.7 348;97559.7 363;97559.7 367;101160 372;93959.7 377;97559.7 383;101160 389;97559.7 399;97559.7 
234: 1;101160 21;101160 48;101160 152;101160 153;101160 201;101160 206;101160 244;101160 294;101160 300;101160 322;101160 342;101160 343;101160 367;101160 383;101160 399;101160 
235: 
236: 
237: 
238: 
239: 
240: 15;101160 38;101160 58;101160 62;93959.7 82;101160 100;97559.7 106;101160 114;101160 136;97559.7 166;101160 167;101160 169;97559.7 201;93959.7 220;101160 230;101160 248;97559.7 269;97559.7 300;101160 309;97559.7 321;101160 322;101160 326;97559.7 336;101160 377;101160 391;97559.7 
241: 
242: 
243: 
244: 10;97559.7 13;101160 54;101160 68;97559.7 71;97559.7 77;101160 101;97559.7 112;101160 128;93959.7 155;101160 163;101160 233;101160 236;101160 265;101160 275;97559.7 290;101160 315;101160 317;101160 334;101160 337;101160 342;97559.7 343;101160 354;101160 365;101160 
245: 
246: 24;97559.7 38;101160 88;101160 93;101160 94;101160 132;101160 135;101160 163;101160 185;101160 201;101160 207;101160 225;101160 228;101160 265;97559.7 340;101160 347;101160 369;101160 370;101160 385;101160 396;101160 
247: 
248: 21;93959.7 38;97559.7 51;101160 75;97559.7 91;101160 114;101160 131;97559.7 139;101160 159;101160 167;93959.7 201;101160 217;101160 240;97559.7 254;93959.7 260;101160 269;101160 272;101160 281;101160 289;97559.7 294;101160 303;101160 319;97559.7 320;101160 392;101160 
249: 
250: 
251: 
252: 
253: 3;97559.7 24;97559.7 29;97559.7 47;97559.7 96;97559.7 114;97559.7 155;97559.7 157;97559.7 274;97559.7 284;97559.7 297;97559.7 334;97559.7 338;97559.7 356;97559.7 361;97559.7 370;97559.7 378;97559.7 
254: 
255: 
256: 
257: 
258: 
259: 
260: 
261: 6;101160 22;93959.7 23;101160 38;101160 46;97559.7 60;101160 61;101160 86;101160 104;101160 115;97559.7 119;101160 141;101160 149;101160 162;97559.7 191;97559.7 229;97559.7 288;101160 302;101160 308;101160 342;101160 367;101160 369;101160 
262: 
263: 
264: 21;90359.7 35;90359.7 48;90359.7 52;90359.7 64;90359.7 73;90359.7 75;90359.7 98;90359.7 146;90359.7 260;90359.7 290;90359.7 300;90359.7 317;90359.7 332;90359.7 348;90359.7 350;90359.7 374;90359.7 
265: 72;101160 93;97559.7 125;93959.7 128;101160 131;101160 135;101160 164;101160 185;101160 190;101160 194;101160 197;97559.7 201;101160 225;101160 226;101160 228;101160 246;101160 314;101160 340;101160 347;101160 365;101160 369;101160 375;97559.7 385;101160 396;101160 
266: 
267: 
268: 
269: 
270: 10;101160 83;101160 172;101160 198;101160 208;101160 220;101160 233;101160 276;101160 279;101160 281;101160 284;101160 288;101160 320;101160 324;101160 340;101160 364;101160 394;101160 
271: 
272: 
273: 
274: 
275: 
276: 
277: 
278: 
279: 
280: 47;101160 56;101160 60;97559.7 68;101160 77;101160 78;101160 119;97559.7 157;101160 201;101160 209;97559.7 227;101160 238;101160 254;97559.7 260;97559.7 262;97559.7 264;101160 267;97559.7 335;101160 360;101160 364;101160 373;101160 397;101160 
281: 
282: 
283: 
284: 
285: 7;97559.7 39;97559.7 73;97559.7 86;101160 119;101160 123;97559.7 146;101160 165;101160 181;101160 189;101160 193;101160 197;101160 198;101160 245;97559.7 293;101160 301;101160 346;101160 347;101160 351;97559.7 365;101160 376;97559.7 389;97559.7 396;101160 
286: 
287: 
288: 
289: 
290: 0;101160 38;101160 44;97559.7 52;97559.7 58;101160 98;97559.7 100;101160 106;101160 114;101160 136;101160 204;97559.7 205;101160 206;97559.7 248;101160 283;101160 293;101160 300;97559.7 353;101160 354;101160 365;101160 377;101160 386;101160 391;101160 
291: 
292: 39;97559.7 51;97559.7 81;97559.7 86;97559.7 119;97559.7 146;97559.7 152;97559.7 165;97559.7 172;97559.7 198;97559.7 211;97559.7 234;97559.7 245;97559.7 284;97559.7 301;97559.7 385;97559.7 396;97559.7 400;97559.7 
293: 15;101160 53;101160 58;101160 92;101160 100;101160 106;101160 112;101160 136;101160 161;101160 201;101160 202;101160 220;101160 240;101160 322;101160 333;101160 336;101160 391;101160 
294: 
295: 
296: 
297: 35;101160 52;101160 64;101160 73;101160 75;101160 131;101160 174;101160 260;101160 323;101160 332;101160 337;101160 339;101160 363;101160 367;101160 374;101160 383;101160 
298: 
299: 
300: 
301: 
302: 
303: 
304: 41;101160 66;101160 136;101160 147;101160 194;101160 195;101160 205;101160 238;101160 290;101160 319;101160 337;101160 345;101160 369;101160 
305: 
306: 
307: 
308: 7;101160 39;101160 86;101160 119;101160 146;101160 165;101160 189;101160 193;101160 197;101160 198;101160 293;101160 346;101160 347;101160 351;101160 376;101160 389;101160 396;101160 
309: 
310: 
311: 
312: 
313: 
314: 48;101160 64;101160 75;97559.7 96;101160 98;97559.7 113;101160 131;97559.7 211;101160 234;101160 317;101160 322;101160 337;101160 339;101160 348;101160 363;97559.7 367;101160 372;101160 377;97559.7 383;101160 399;97559.7 
315: 38;97559.7 41;101160 47;97559.7 60;101160 94;101160 130;97559.7 144;97559.7 150;101160 152;97559.7 155;97559.7 157;101160 163;97559.7 207;101160 253;97559.7 265;101160 327;97559.7 334;97559.7 340;101160 353;101160 354;101160 392;101160 
316: 
317: 13;101160 38;101160 47;101160 54;101160 68;101160 71;97559.7 94;97559.7 112;97559.7 152;101160 155;101160 163;93959.7 219;101160 253;101160 265;97559.7 267;101160 290;97559.7 315;101160 334;101160 337;101160 353;101160 354;101160 365;101160 382;101160 
318: 0;101160 5;101160 17;101160 35;97559.7 48;101160 59;101160 76;101160 95;101160 104;101160 114;97559.7 124;101160 156;101160 187;97559.7 195;101160 304;97559.7 322;101160 344;101160 365;101160 383;101160 390;101160 392;101160 
319: 21;97559.7 35;101160 38;101160 81;101160 114;101160 139;101160 153;101160 159;93959.7 167;101160 201;97559.7 217;101160 231;101160 237;101160 240;97559.7 242;97559.7 243;101160 250;101160 254;93959.7 281;101160 289;93959.7 300;97559.7 303;101160 383;97559.7 392;101160 399;101160 
320: 
321: 
322: 35;101160 48;101160 114;101160 139;101160 152;101160 153;101160 201;101160 242;101160 250;101160 300;101160 321;101160 367;101160 383;101160 389;101160 391;101160 399;101160 
323: 
324: 
325: 
326: 0;97559.7 58;97559.7 62;97559.7 82;97559.7 98;97559.7 100;97559.7 106;97559.7 114;97559.7 166;97559.7 167;97559.7 176;97559.7 269;97559.7 283;97559.7 336;97559.7 377;97559.7 391;97559.7 
327: 
328: 
329: 
330: 0;101160 38;97559.7 39;101160 44;97559.7 58;97559.7 62;101160 82;97559.7 98;101160 100;101160 106;101160 114;101160 136;101160 166;97559.7 167;101160 230;101160 240;101160 248;101160 269;101160 283;101160 336;101160 377;101160 391;101160 
331: 
332: 25;97559.7 36;97559.7 58;97559.7 121;97559.7 142;97559.7 193;97559.7 244;97559.7 246;97559.7 250;93959.7 282;93959.7 299;97559.7 308;93959.7 309;97559.7 312;93959.7 321;97559.7 326;97559.7 337;97559.7 373;93959.7 400;97559.7 
333: 
334: 10;101160 13;101160 20;97559.7 38;101160 46;93959.7 65;101160 68;101160 87;101160 89;93959.7 137;101160 148;97559.7 149;101160 157;93959.7 179;101160 181;101160 203;97559.7 240;101160 280;101160 292;101160 298;97559.7 324;101160 342;101160 353;93959.7 361;93959.7 
335: 52;90359.7 93;90359.7 132;90359.7 135;90359.7 145;90359.7 164;90359.7 190;90359.7 194;90359.7 201;90359.7 220;90359.7 233;90359.7 246;90359.7 340;90359.7 347;90359.7 361;90359.7 365;90359.7 
336: 
337: 
338: 3;93959.7 11;97559.7 24;93959.7 46;93959.7 47;97559.7 80;97559.7 114;93959.7 155;97559.7 157;93959.7 158;97559.7 163;93959.7 169;93959.7 207;97559.7 246;97559.7 274;97559.7 278;97559.7 284;93959.7 334;97559.7 341;97559.7 361;97559.7 370;97559.7 378;97559.7 
339: 
340: 
341: 
342: 11;93959.7 16;101160 21;101160 24;101160 35;101160 41;97559.7 67;101160 81;97559.7 94;101160 155;101160 158;101160 159;97559.7 163;101160 237;101160 243;101160 250;101160 254;101160 262;101160 281;101160 285;97559.7 287;93959.7 353;97559.7 354;101160 392;97559.7 
343: 21;101160 35;101160 48;101160 81;97559.7 102;101160 114;101160 139;97559.7 152;101160 153;97559.7 201;101160 218;97559.7 220;101160 230;97559.7 240;97559.7 242;97559.7 250;93959.7 300;101160 322;101160 348;101160 367;101160 383;97559.7 389;97559.7 391;101160 392;101160 399;97559.7 
344: 
345: 2;101160 18;101160 100;101160 197;101160 200;101160 221;101160 229;101160 328;101160 
346: 
347: 
348: 
349: 
350: 
351: 
352: 
353: 
354: 
355: 
356: 
357: 
358: 12;97559.7 47;97559.7 60;97559.7 77;97559.7 119;97559.7 157;97559.7 227;97559.7 238;97559.7 260;97559.7 264;97559.7 267;97559.7 296;97559.7 314;97559.7 335;97559.7 373;97559.7 397;97559.7 
359: 
360: 
361: 
362: 22;101160 114;101160 153;101160 203;101160 220;101160 276;101160 281;101160 284;101160 324;101160 343;101160 348;101160 365;101160 374;101160 383;101160 389;101160 392;101160 
363: 21;101160 48;101160 98;101160 113;101160 131;101160 139;101160 141;101160 153;101160 244;97559.7 290;97559.7 294;101160 300;101160 322;101160 323;97559.7 339;101160 367;101160 383;101160 397;101160 399;101160 
364: 80;93959.7 134;93959.7 185;93959.7 190;93959.7 204;93959.7 222;93959.7 244;93959.7 246;93959.7 275;93959.7 301;93959.7 314;93959.7 330;93959.7 340;93959.7 347;93959.7 370;93959.7 400;93959.7 
365: 
366: 
367: 
368: 
369: 
370: 
371: 
372: 
373: 15;101160 38;101160 58;93959.7 62;101160 82;101160 106;101160 114;101160 136;101160 166;93959.7 167;101160 169;97559.7 201;101160 220;93959.7 230;97559.7 248;101160 269;101160 300;101160 309;101160 321;97559.7 322;101160 326;101160 336;101160 377;97559.7 391;101160 
374: 38;93959.7 58;97559.7 62;97559.7 82;97559.7 100;97559.7 114;97559.7 136;97559.7 166;97559.7 220;97559.7 230;97559.7 248;97559.7 269;97559.7 300;97559.7 309;97559.7 321;97559.7 322;97559.7 336;97559.7 377;93959.7 
375: 
376: 
377: 21;101160 35;101160 48;101160 81;101160 102;101160 114;101160 139;97559.7 152;101160 153;97559.7 201;97559.7 218;97559.7 220;101160 230;101160 240;101160 250;101160 300;97559.7 322;101160 348;97559.7 367;101160 383;97559.7 389;101160 391;101160 392;97559.7 399;101160 
378: 
379: 
380: 22;101160 59;101160 87;101160 100;101160 157;101160 158;101160 169;101160 261;101160 264;101160 266;101160 267;101160 274;101160 294;101160 338;101160 341;101160 378;101160 
381: 
382: 
383: 35;101160 38;101160 41;101160 47;101160 94;101160 114;101160 155;101160 157;101160 163;101160 207;101160 246;101160 253;101160 265;101160 278;101160 285;101160 334;101160 340;101160 354;101160 
384: 
385: 48;101160 75;101160 98;101160 113;101160 131;101160 139;101160 141;97559.7 153;101160 244;101160 290;101160 294;101160 300;97559.7 317;101160 322;97559.7 323;97559.7 339;101160 348;97559.7 350;97559.7 367;101160 383;101160 397;101160 399;97559.7 
386: 
387: 
388: 
389: 48;101160 81;101160 114;101160 139;101160 152;101160 153;101160 201;101160 218;101160 220;101160 230;101160 250;101160 300;101160 322;101160 391;101160 399;101160 
390: 
391: 31;101160 39;101160 51;101160 84;101160 86;101160 90;101160 145;97559.7 159;97559.7 178;101160 201;101160 203;97559.7 240;101160 245;97559.7 250;101160 322;101160 345;97559.7 367;101160 389;101160 392;101160 
392: 
393: 31;101160 57;101160 63;97559.7 66;101160 134;101160 147;101160 157;101160 165;101160 174;101160 213;101160 232;97559.7 239;101160 264;101160 330;101160 340;101160 348;101160 379;101160 392;101160 400;101160 
394: 10;101160 22;93959.7 38;97559.7 56;97559.7 60;101160 62;101160 68;97559.7 100;101160 114;101160 208;101160 209;97559.7 220;93959.7 227;101160 233;101160 262;97559.7 264;101160 309;97559.7 322;93959.7 335;101160 336;101160 345;97559.7 364;101160 373;101160 380;101160 400;93959.7 
395: 
396: 
397: 21;101160 35;101160 102;101160 114;101160 139;101160 153;101160 220;101160 230;101160 240;101160 322;101160 348;101160 367;101160 383;101160 391;101160 392;101160 399;101160 
398: 
399: 15;101160 21;97559.7 35;101160 58;101160 69;101160 102;97559.7 106;101160 114;101160 159;101160 166;97559.7 220;97559.7 230;97559.7 237;101160 240;101160 250;101160 254;101160 281;101160 300;101160 319;101160 348;101160 391;101160 392;97559.7 
400: 
