0: 7;122760 12;119160 14;119160 22;122760 35;119160 46;115560 58;122760 68;122760 92;122760 100;115560 147;122760 195;122760 201;122760 209;122760 227;122760 233;122760 335;122760 336;111960 345;119160 364;122760 373;122760 380;111960 391;122760 394;122760 400;119160 
1: 5;115560 17;111960 35;115560 38;115560 52;108360 104;115560 109;115560 112;111960 124;115560 143;115560 156;108360 191;115560 214;115560 236;115560 238;115560 267;111960 284;111960 290;111960 291;115560 296;115560 377;115560 379;111960 385;111960 389;115560 390;115560 
2: 21;111960 62;111960 73;108360 82;122760 98;122760 106;122760 111;104760 136;122760 167;111960 170;122760 176;122760 182;122760 217;122760 230;111960 240;101160 248;122760 263;122760 265;122760 266;122760 269;122760 301;122760 326;122760 336;122760 377;122760 380;122760 
3: 11;122760 34;122760 39;119160 51;119160 72;122760 82;122760 89;119160 101;119160 108;119160 123;122760 152;119160 153;115560 178;122760 184;115560 195;122760 198;122760 211;111960 245;122760 293;111960 301;122760 376;122760 383;122760 385;122760 396;122760 400;122760 
4: 
5: 56;108360 60;108360 68;108360 78;101160 83;108360 96;108360 119;101160 121;108360 146;108360 157;101160 172;108360 209;108360 234;108360 262;108360 264;101160 292;101160 296;108360 335;108360 347;108360 358;108360 383;108360 387;108360 
6: 
7: 
8: 
9: 
10: 4;122760 13;122760 17;119160 68;122760 87;122760 93;119160 95;122760 127;122760 137;122760 141;122760 157;119160 164;122760 185;122760 201;119160 203;122760 240;122760 275;122760 280;122760 285;119160 290;122760 342;122760 347;122760 353;119160 361;122760 365;122760 
11: 
12: 0;122760 20;115560 63;122760 65;122760 66;115560 89;122760 112;122760 120;122760 125;122760 126;122760 138;122760 148;115560 149;115560 155;119160 165;122760 181;122760 184;119160 218;122760 298;119160 321;122760 324;119160 336;122760 346;122760 365;122760 396;122760 
13: 21;97559.7 30;97559.7 78;97559.7 81;97559.7 108;97559.7 110;97559.7 153;97559.7 233;97559.7 240;97559.7 259;97559.7 294;97559.7 334;97559.7 343;97559.7 348;97559.7 383;97559.7 399;97559.7 
14: 15;122760 20;122760 38;122760 43;119160 80;122760 100;122760 106;119160 114;122760 119;115560 136;122760 155;119160 166;115560 167;122760 169;115560 201;111960 230;122760 248;122760 269;115560 270;122760 300;122760 321;119160 322;122760 358;115560 373;122760 377;122760 
15: 
16: 
17: 38;108360 72;104760 88;108360 93;108360 94;104760 115;108360 125;104760 135;104760 190;108360 194;108360 197;104760 201;108360 225;108360 246;108360 340;108360 358;108360 365;108360 369;108360 
18: 
19: 
20: 1;122760 21;119160 32;122760 54;122760 63;122760 67;122760 79;111960 91;122760 111;115560 149;122760 155;115560 157;122760 177;122760 191;119160 211;122760 220;119160 229;119160 260;122760 313;122760 317;122760 322;119160 337;119160 341;119160 372;122760 395;122760 
21: 
22: 
23: 41;122760 66;119160 72;122760 77;122760 93;119160 132;122760 136;122760 147;122760 150;122760 160;122760 161;119160 194;119160 195;111960 205;122760 225;119160 238;122760 239;122760 290;122760 319;119160 337;115560 345;122760 369;119160 379;122760 389;119160 396;122760 
24: 
25: 22;122760 24;122760 29;122760 35;122760 38;122760 46;119160 64;122760 67;122760 69;119160 100;119160 137;119160 142;122760 227;122760 244;119160 269;122760 282;119160 299;115560 308;122760 320;119160 335;122760 337;122760 374;122760 391;122760 393;122760 400;122760 
26: 
27: 
28: 7;122760 12;122760 14;122760 22;122760 35;122760 46;119160 62;122760 68;115560 92;122760 100;122760 147;111960 195;122760 209;119160 220;122760 227;111960 233;115560 269;122760 335;115560 345;119160 364;122760 373;122760 380;122760 391;122760 394;122760 400;122760 
29: 96;119160 113;122760 119;119160 123;122760 153;122760 165;122760 198;122760 206;119160 282;122760 315;122760 322;122760 339;122760 343;119160 346;122760 348;122760 353;119160 383;119160 385;122760 389;119160 396;122760 397;122760 400;119160 
30: 
31: 
32: 3;122760 6;122760 11;119160 47;122760 56;122760 75;115560 78;122760 80;111960 85;122760 114;119160 155;122760 158;119160 211;122760 232;115560 233;122760 234;122760 246;119160 262;122760 267;122760 278;122760 282;122760 314;122760 334;119160 354;119160 394;122760 
33: 
34: 37;122760 47;122760 60;122760 76;122760 146;122760 175;122760 232;122760 260;122760 264;122760 272;122760 345;122760 373;122760 393;122760 394;122760 400;122760 
35: 1;122760 21;122760 30;122760 34;122760 46;122760 48;111960 78;122760 81;122760 108;119160 110;111960 141;122760 153;119160 206;119160 233;122760 240;122760 259;122760 294;115560 334;119160 342;119160 343;122760 348;122760 354;122760 383;122760 389;111960 399;122760 
36: 11;115560 34;119160 51;119160 78;119160 82;119160 101;115560 108;119160 152;115560 153;119160 165;119160 184;115560 195;119160 198;115560 211;115560 236;119160 245;119160 267;119160 272;119160 285;119160 383;119160 385;119160 391;115560 396;119160 
37: 
38: 1;122760 34;122760 46;122760 84;122760 98;122760 104;122760 107;111960 113;119160 115;122760 119;122760 141;122760 162;122760 175;119160 191;119160 206;122760 210;122760 211;111960 223;111960 294;122760 342;119160 350;122760 367;111960 369;122760 382;119160 385;119160 
39: 
40: 
41: 24;111960 38;108360 47;111960 72;104760 79;111960 86;108360 94;104760 102;111960 157;111960 158;111960 163;111960 199;104760 207;108360 276;111960 278;111960 285;111960 301;108360 334;111960 340;111960 353;108360 354;111960 362;104760 370;111960 383;111960 400;104760 
42: 
43: 10;115560 13;115560 21;115560 35;108360 68;115560 77;108360 81;111960 98;111960 101;115560 128;115560 145;115560 154;115560 155;115560 170;115560 175;104760 233;115560 236;115560 244;115560 265;108360 275;101160 290;111960 334;115560 342;115560 365;111960 378;108360 
44: 
45: 17;119160 35;119160 52;119160 91;111960 92;119160 100;115560 101;119160 102;119160 109;119160 141;119160 145;119160 195;115560 197;115560 207;111960 214;115560 236;115560 237;119160 238;119160 290;115560 291;119160 322;119160 329;119160 357;119160 379;119160 390;119160 
46: 
47: 
48: 
49: 
50: 21;122760 26;122760 102;122760 146;122760 152;122760 168;122760 230;122760 281;122760 284;122760 300;122760 337;122760 362;122760 374;122760 392;122760 
51: 
52: 
53: 
54: 31;122760 66;122760 80;122760 122;122760 131;122760 134;122760 147;122760 185;122760 190;122760 197;119160 204;122760 222;122760 226;122760 236;119160 244;119160 246;122760 275;101160 301;122760 314;122760 330;115560 340;119160 347;122760 370;122760 375;122760 400;122760 
55: 29;111960 42;111960 44;111960 58;104760 62;104760 82;104760 139;111960 145;111960 158;111960 170;111960 175;111960 186;111960 203;111960 226;111960 232;104760 250;104760 254;111960 260;111960 266;111960 267;111960 327;104760 343;111960 
56: 2;122760 10;122760 13;122760 59;122760 68;122760 87;122760 90;108360 100;122760 105;122760 117;122760 137;119160 157;122760 203;115560 233;122760 261;122760 264;122760 266;122760 280;122760 294;119160 338;122760 342;122760 345;122760 364;122760 373;119160 380;119160 
57: 3;122760 24;115560 35;122760 46;122760 71;119160 94;122760 121;122760 157;122760 158;119160 160;119160 163;119160 169;122760 216;111960 246;119160 255;122760 278;115560 317;122760 334;122760 337;122760 354;122760 366;111960 370;119160 375;122760 382;122760 
58: 14;104760 27;104760 38;104760 51;104760 81;104760 107;104760 114;104760 130;97559.7 132;104760 144;104760 164;104760 201;104760 207;104760 231;104760 235;101160 240;101160 242;104760 250;104760 274;104760 289;104760 300;104760 303;93959.7 319;104760 383;101160 384;101160 
59: 
60: 1;122760 21;122760 34;122760 46;122760 48;119160 81;119160 102;122760 139;115560 141;122760 152;122760 153;119160 206;122760 218;119160 242;111960 244;122760 294;119160 300;115560 322;119160 342;122760 343;119160 350;122760 367;119160 383;119160 389;122760 399;122760 
61: 
62: 
63: 99;104760 167;104760 210;104760 217;104760 222;104760 276;104760 289;104760 344;104760 378;104760 
64: 
65: 
66: 
67: 4;122760 13;119160 52;119160 68;119160 87;115560 95;122760 127;122760 132;122760 135;119160 137;122760 157;119160 164;122760 182;122760 203;115560 240;122760 275;111960 280;122760 285;122760 290;111960 340;115560 342;122760 353;115560 361;122760 375;122760 389;122760 
68: 2;122760 10;115560 13;122760 59;122760 87;119160 90;122760 100;122760 105;122760 117;122760 137;122760 157;122760 203;122760 233;122760 261;119160 264;119160 266;122760 280;122760 294;122760 300;122760 338;119160 342;122760 345;122760 364;115560 373;119160 380;119160 
69: 
70: 
71: 31;108360 80;108360 131;108360 134;108360 185;108360 190;108360 197;108360 226;108360 236;108360 244;108360 246;108360 275;108360 314;108360 340;108360 347;108360 370;108360 375;108360 
72: 17;97559.7 52;86759.7 93;97559.7 94;97559.7 125;97559.7 132;97559.7 135;97559.7 141;97559.7 145;97559.7 164;97559.7 182;86759.7 185;97559.7 190;97559.7 194;97559.7 197;86759.7 201;90359.7 233;97559.7 246;86759.7 290;97559.7 340;90359.7 347;97559.7 361;86759.7 365;90359.7 375;90359.7 389;97559.7 
73: 52;111960 77;111960 93;111960 132;108360 135;111960 141;111960 164;108360 185;111960 190;108360 194;111960 197;104760 205;104760 215;111960 231;111960 233;111960 246;111960 290;108360 301;111960 337;111960 350;104760 365;108360 369;111960 377;111960 389;108360 
74: 
75: 
76: 19;122760 37;122760 48;122760 56;122760 78;122760 105;122760 128;122760 167;122760 193;122760 212;122760 214;122760 227;122760 238;122760 262;122760 273;122760 291;122760 294;122760 335;122760 365;122760 
77: 66;97559.7 80;97559.7 131;97559.7 134;97559.7 147;97559.7 185;97559.7 197;97559.7 204;97559.7 226;97559.7 246;97559.7 275;97559.7 340;97559.7 347;97559.7 370;97559.7 375;97559.7 400;97559.7 
78: 22;101160 47;101160 68;101160 209;101160 232;101160 254;101160 260;101160 262;101160 267;101160 335;101160 345;101160 373;101160 393;101160 
79: 
80: 3;122760 6;122760 17;122760 46;119160 75;122760 78;119160 85;119160 125;122760 169;122760 186;122760 197;119160 206;115560 234;122760 246;122760 267;122760 274;122760 284;122760 314;119160 338;122760 341;119160 345;119160 361;115560 378;122760 387;122760 388;122760 
81: 1;122760 15;122760 21;122760 54;122760 63;122760 67;122760 99;122760 149;122760 177;122760 179;119160 220;119160 230;122760 260;119160 267;119160 282;122760 362;122760 377;122760 384;122760 395;122760 
82: 14;115560 35;111960 38;115560 51;115560 58;111960 81;115560 102;115560 106;115560 114;108360 132;104760 136;115560 139;115560 144;115560 164;115560 167;115560 201;111960 242;115560 269;111960 300;115560 303;111960 326;115560 377;115560 384;111960 389;111960 391;115560 
83: 
84: 
85: 31;115560 32;115560 66;115560 83;111960 102;108360 108;111960 122;115560 147;115560 151;115560 159;115560 230;111960 231;115560 240;115560 275;115560 283;111960 295;111960 321;115560 322;115560 326;115560 341;115560 348;115560 365;115560 370;115560 
86: 1;111960 6;111960 23;111960 34;104760 46;111960 82;111960 104;111960 107;111960 115;108360 117;108360 119;111960 141;101160 149;111960 150;111960 157;108360 191;111960 207;108360 211;111960 256;111960 314;104760 317;111960 342;111960 350;108360 367;111960 369;108360 
87: 
88: 
89: 
90: 
91: 
92: 
93: 48;122760 84;122760 116;122760 144;122760 229;122760 255;122760 312;122760 318;122760 323;122760 368;122760 
94: 22;122760 47;115560 56;119160 60;122760 68;119160 114;122760 175;119160 194;119160 209;122760 227;122760 232;122760 233;122760 254;119160 260;122760 262;122760 264;119160 267;122760 296;119160 335;115560 345;119160 364;122760 373;122760 393;122760 394;122760 400;122760 
95: 21;97559.7 91;97559.7 114;97559.7 153;97559.7 167;97559.7 201;97559.7 240;97559.7 254;97559.7 272;97559.7 281;97559.7 294;97559.7 303;97559.7 320;97559.7 
96: 
97: 
98: 
99: 0;119160 12;122760 38;108360 44;119160 98;108360 100;122760 106;122760 114;122760 115;122760 118;122760 127;122760 136;115560 157;122760 166;122760 176;122760 204;119160 248;122760 288;122760 290;122760 293;122760 302;119160 337;122760 354;122760 374;122760 386;122760 
100: 38;93959.7 55;93959.7 67;93959.7 97;93959.7 117;93959.7 123;93959.7 199;93959.7 293;93959.7 318;93959.7 
101: 
102: 
103: 
104: 16;104760 51;101160 83;104760 102;104760 108;104760 131;104760 133;101160 185;101160 201;104760 218;101160 223;104760 226;104760 256;104760 258;104760 259;104760 275;104760 323;104760 346;101160 347;104760 396;104760 
105: 11;111960 24;111960 47;111960 80;111960 114;111960 155;111960 157;111960 158;111960 163;111960 207;111960 246;111960 284;111960 354;111960 361;111960 
106: 
107: 1;122760 21;122760 34;122760 35;122760 46;122760 48;122760 139;122760 141;115560 152;122760 153;122760 201;122760 206;115560 218;122760 244;122760 294;122760 300;122760 322;119160 342;119160 343;122760 348;122760 350;111960 367;122760 383;119160 389;122760 399;104760 
108: 
109: 37;115560 40;119160 46;119160 90;122760 111;122760 140;122760 157;115560 158;122760 159;122760 160;122760 164;122760 169;122760 172;122760 196;122760 226;122760 246;111960 252;122760 267;122760 280;122760 298;122760 304;122760 307;119160 338;119160 370;122760 378;122760 
110: 
111: 2;122760 10;119160 13;122760 59;119160 68;122760 87;122760 90;115560 100;122760 105;122760 117;122760 137;122760 157;119160 203;122760 233;122760 261;108360 264;119160 266;119160 280;119160 294;122760 338;122760 342;122760 345;122760 364;119160 373;122760 380;122760 
112: 
113: 1;122760 21;122760 34;119160 35;122760 46;122760 48;122760 139;122760 141;111960 152;122760 153;122760 201;119160 206;122760 218;122760 244;122760 294;122760 300;122760 322;122760 342;122760 343;119160 348;122760 350;119160 367;122760 383;119160 389;119160 399;122760 
114: 21;97559.7 35;97559.7 48;97559.7 75;97559.7 98;97559.7 113;97559.7 131;97559.7 139;97559.7 141;97559.7 244;97559.7 290;97559.7 300;97559.7 317;97559.7 322;97559.7 323;97559.7 337;97559.7 348;97559.7 367;97559.7 397;97559.7 
115: 
116: 
117: 24;97559.7 35;97559.7 38;97559.7 41;97559.7 80;97559.7 88;97559.7 155;97559.7 158;97559.7 163;97559.7 207;97559.7 246;97559.7 278;97559.7 334;97559.7 340;97559.7 353;97559.7 354;97559.7 370;97559.7 
118: 
119: 21;122760 35;122760 48;122760 81;119160 102;122760 114;122760 139;122760 152;115560 153;119160 201;122760 218;122760 220;122760 230;122760 240;122760 242;122760 250;122760 300;119160 322;119160 348;108360 367;122760 383;122760 389;122760 391;119160 392;119160 399;119160 
120: 18;122760 21;122760 29;122760 63;122760 89;122760 100;122760 152;122760 168;122760 181;122760 197;122760 200;122760 298;122760 324;122760 345;122760 396;122760 
121: 
122: 31;115560 83;115560 135;115560 147;115560 190;115560 201;115560 226;115560 246;115560 330;115560 347;115560 365;115560 370;115560 396;115560 
123: 91;122760 92;122760 102;122760 109;122760 119;122760 141;119160 145;122760 153;119160 165;119160 197;122760 198;122760 207;122760 214;119160 238;122760 290;122760 329;122760 346;119160 357;122760 389;122760 390;122760 396;119160 400;122760 
124: 0;119160 7;122760 20;119160 38;119160 65;119160 73;119160 89;122760 119;119160 126;119160 148;115560 179;119160 199;122760 201;122760 220;122760 223;119160 259;119160 273;122760 291;122760 298;122760 301;119160 303;122760 312;122760 350;122760 392;122760 396;122760 
125: 
126: 6;122760 23;115560 34;122760 46;111960 82;111960 107;122760 115;122760 117;122760 119;119160 141;122760 149;122760 150;122760 175;122760 206;122760 207;122760 210;122760 211;122760 223;122760 256;122760 294;122760 314;119160 351;122760 367;119160 382;122760 385;119160 
127: 
128: 
129: 
130: 
131: 
132: 26;97559.7 46;97559.7 72;97559.7 79;97559.7 86;97559.7 114;97559.7 117;97559.7 157;97559.7 199;93959.7 211;97559.7 220;97559.7 276;93959.7 284;97559.7 288;97559.7 301;97559.7 324;97559.7 362;97559.7 372;97559.7 383;93959.7 389;97559.7 400;93959.7 
133: 16;122760 38;119160 51;119160 66;119160 89;122760 93;119160 108;122760 122;119160 131;119160 185;122760 190;122760 201;122760 218;122760 226;122760 246;122760 258;108360 259;122760 275;122760 330;115560 340;119160 344;119160 346;122760 347;122760 370;122760 396;122760 
134: 0;122760 12;97559.7 44;122760 98;119160 100;119160 106;122760 114;101160 115;119160 118;122760 127;122760 157;122760 166;122760 176;122760 204;97559.7 248;122760 288;122760 290;119160 293;122760 302;122760 336;122760 337;122760 354;122760 374;122760 386;119160 
135: 24;93959.7 43;90359.7 57;93959.7 63;93959.7 67;90359.7 89;93959.7 91;93959.7 111;90359.7 114;93959.7 138;93959.7 155;93959.7 163;93959.7 169;90359.7 202;93959.7 222;90359.7 236;93959.7 237;90359.7 265;90359.7 267;93959.7 322;93959.7 337;93959.7 339;90359.7 347;93959.7 360;93959.7 
136: 37;119160 47;122760 56;122760 60;115560 66;119160 76;115560 78;119160 90;122760 114;122760 146;122760 149;122760 175;122760 211;122760 232;115560 254;119160 260;122760 264;122760 272;119160 296;122760 335;122760 345;122760 373;115560 393;122760 394;122760 400;119160 
137: 
138: 16;108360 22;108360 24;111960 57;108360 67;111960 80;108360 89;97559.7 114;108360 155;111960 163;111960 169;111960 202;111960 222;111960 236;111960 243;111960 267;111960 278;108360 285;104760 287;111960 289;111960 322;104760 334;111960 337;108360 353;111960 354;111960 
139: 
140: 12;111960 21;122760 48;122760 77;104760 78;122760 81;119160 119;122760 139;122760 152;119160 157;122760 201;119160 218;122760 220;122760 238;119160 240;122760 242;122760 250;122760 314;122760 336;119160 348;122760 360;122760 383;115560 391;119160 397;122760 399;122760 
141: 7;122760 21;122760 32;122760 33;122760 38;122760 51;122760 75;115560 86;119160 91;119160 131;111960 139;119160 167;119160 204;119160 207;122760 217;122760 240;122760 248;122760 254;122760 260;122760 281;122760 289;122760 300;119160 321;122760 392;119160 
142: 40;104760 86;104760 98;104760 119;104760 172;104760 232;104760 245;104760 246;104760 261;104760 278;104760 282;104760 299;104760 308;104760 374;104760 383;104760 387;104760 393;104760 
143: 11;122760 34;122760 39;122760 51;122760 72;122760 89;122760 123;122760 152;122760 184;122760 195;122760 245;122760 293;122760 376;122760 385;122760 
144: 21;122760 27;119160 38;122760 51;115560 81;119160 130;122760 153;119160 159;122760 167;122760 201;119160 207;122760 215;119160 231;122760 235;122760 237;122760 240;119160 250;122760 254;119160 274;122760 289;119160 300;122760 303;119160 319;122760 383;122760 392;122760 
145: 15;122760 23;122760 38;119160 58;119160 62;122760 100;122760 106;122760 161;122760 166;122760 167;122760 169;122760 187;122760 201;122760 216;122760 220;119160 230;119160 253;122760 278;119160 281;122760 322;119160 326;115560 350;122760 373;119160 377;122760 391;122760 
146: 76;101160 194;101160 202;101160 217;101160 222;101160 260;101160 331;101160 382;101160 
147: 
148: 
149: 7;115560 39;119160 73;115560 86;119160 119;119160 123;119160 146;108360 165;119160 181;119160 189;119160 193;119160 195;115560 197;119160 198;119160 245;119160 293;108360 301;115560 346;119160 347;119160 351;111960 365;111960 376;119160 385;115560 389;119160 396;119160 
150: 5;119160 31;122760 47;119160 54;122760 66;122760 80;122760 91;122760 131;122760 134;122760 183;119160 204;122760 219;119160 222;122760 223;115560 226;111960 236;122760 246;122760 260;119160 269;119160 275;115560 314;115560 330;122760 345;122760 350;122760 400;119160 
151: 
152: 
153: 
154: 
155: 
156: 1;122760 17;122760 34;122760 38;115560 84;108360 98;122760 101;122760 104;115560 119;122760 143;122760 145;122760 157;111960 175;122760 191;119160 207;122760 210;122760 214;119160 223;122760 236;119160 237;122760 317;119160 342;115560 350;115560 367;111960 385;122760 
157: 4;119160 10;122760 13;122760 20;122760 38;119160 46;119160 65;122760 89;122760 95;122760 127;122760 148;122760 149;119160 179;122760 181;119160 240;122760 275;119160 285;122760 292;122760 298;119160 301;115560 324;122760 346;122760 353;115560 361;122760 365;122760 
158: 11;111960 34;115560 39;115560 51;111960 72;115560 82;111960 89;115560 101;115560 108;115560 123;115560 152;115560 153;115560 178;115560 184;111960 195;115560 198;108360 211;115560 245;115560 293;115560 301;108360 376;108360 383;111960 385;111960 396;115560 400;111960 
159: 
160: 
161: 
162: 
163: 
164: 4;86759.7 23;86759.7 38;90359.7 53;90359.7 58;90359.7 82;90359.7 92;90359.7 100;90359.7 114;86759.7 136;90359.7 161;86759.7 166;86759.7 202;90359.7 220;90359.7 230;90359.7 240;90359.7 248;90359.7 269;90359.7 300;86759.7 309;86759.7 333;86759.7 336;90359.7 377;90359.7 393;90359.7 
165: 46;122760 72;115560 77;119160 93;122760 100;122760 132;122760 147;122760 150;119160 157;122760 161;119160 195;122760 197;122760 205;122760 209;122760 253;119160 264;115560 290;122760 309;122760 337;119160 352;122760 361;122760 379;122760 380;122760 385;122760 389;115560 
166: 7;119160 14;119160 22;122760 24;119160 29;122760 35;119160 38;122760 67;122760 68;122760 69;122760 92;122760 100;119160 137;119160 142;122760 195;119160 227;122760 233;122760 320;122760 335;104760 345;122760 364;122760 373;119160 380;119160 391;122760 394;122760 
167: 11;122760 24;122760 35;119160 37;111960 40;115560 46;119160 47;119160 140;119160 157;122760 158;122760 169;122760 200;122760 246;119160 256;119160 267;122760 284;122760 288;122760 301;122760 309;122760 334;122760 338;122760 361;122760 370;119160 378;122760 392;122760 
168: 
169: 
170: 
171: 
172: 21;104760 35;108360 81;108360 110;108360 111;108360 114;108360 139;108360 147;108360 153;108360 161;108360 162;108360 174;104760 199;108360 201;108360 218;104760 220;108360 240;101160 322;108360 357;108360 367;108360 383;108360 392;104760 
173: 
174: 15;108360 23;115560 58;115560 82;108360 136;111960 161;115560 166;115560 167;115560 169;108360 201;115560 216;115560 230;115560 278;111960 281;115560 300;115560 309;111960 322;115560 326;115560 336;115560 345;115560 350;115560 373;115560 377;115560 391;115560 
175: 
176: 7;97559.7 12;115560 14;97559.7 22;115560 46;97559.7 62;115560 68;97559.7 92;115560 100;115560 147;115560 195;115560 209;115560 220;115560 227;115560 233;115560 269;115560 335;97559.7 345;115560 373;97559.7 391;97559.7 400;115560 
177: 21;104760 28;111960 32;111960 38;111960 54;111960 67;111960 69;111960 73;111960 149;108360 159;104760 194;108360 206;111960 220;108360 228;111960 229;108360 237;111960 238;111960 300;104760 313;111960 315;111960 322;111960 384;111960 392;111960 399;111960 
178: 
179: 
180: 5;119160 17;119160 35;119160 38;122760 52;119160 104;122760 109;119160 124;122760 143;122760 156;119160 191;122760 214;119160 267;119160 284;122760 290;122760 291;119160 296;122760 379;122760 385;122760 389;122760 390;122760 
181: 11;122760 34;119160 39;108360 51;122760 72;115560 82;122760 89;122760 101;122760 108;115560 123;122760 152;119160 153;122760 178;119160 184;119160 195;122760 198;122760 211;122760 245;122760 293;122760 301;119160 376;115560 383;122760 385;122760 396;122760 400;122760 
182: 
183: 
184: 
185: 37;97559.7 47;97559.7 56;93959.7 60;97559.7 66;93959.7 76;93959.7 78;93959.7 90;97559.7 114;97559.7 146;93959.7 149;97559.7 175;97559.7 211;93959.7 264;97559.7 272;97559.7 296;97559.7 335;97559.7 345;97559.7 373;93959.7 393;93959.7 394;97559.7 400;97559.7 
186: 
187: 21;115560 35;122760 48;122760 53;115560 59;122760 94;122760 102;119160 114;122760 152;115560 218;119160 220;119160 230;119160 242;122760 274;122760 304;122760 311;122760 314;119160 322;119160 326;122760 336;119160 343;115560 348;122760 367;122760 383;122760 392;122760 
188: 
189: 
190: 
191: 1;115560 21;115560 30;111960 34;108360 35;115560 46;115560 48;115560 78;115560 81;115560 108;111960 110;111960 141;115560 153;115560 206;108360 233;115560 259;115560 334;111960 342;115560 343;115560 348;115560 354;115560 383;115560 389;115560 399;115560 
192: 
193: 
194: 
195: 
196: 41;122760 60;122760 94;122760 130;122760 144;122760 152;122760 155;122760 157;108360 163;108360 207;122760 253;108360 265;122760 267;122760 327;122760 334;122760 340;122760 353;122760 354;122760 370;122760 392;122760 
197: 7;101160 12;101160 14;101160 22;101160 68;101160 92;101160 100;101160 147;101160 227;101160 269;101160 335;101160 364;101160 373;101160 380;101160 394;101160 400;101160 
198: 
199: 
200: 31;115560 32;122760 66;122760 83;122760 102;115560 108;122760 114;122760 122;119160 147;122760 151;122760 159;119160 230;119160 231;119160 240;122760 275;122760 283;122760 295;115560 321;108360 322;122760 326;122760 330;119160 341;122760 348;122760 365;119160 370;122760 
201: 12;108360 19;104760 37;108360 56;101160 60;108360 68;101160 78;108360 105;108360 157;108360 209;108360 227;108360 260;108360 262;108360 264;108360 267;108360 291;108360 294;108360 296;104760 314;104760 315;108360 358;104760 360;108360 365;101160 373;104760 397;108360 
202: 
203: 
204: 
205: 16;115560 51;115560 83;111960 89;115560 93;115560 102;115560 108;115560 131;115560 133;111960 185;115560 201;111960 218;115560 223;115560 226;108360 244;115560 256;115560 258;115560 259;115560 275;111960 323;108360 327;115560 340;115560 346;115560 347;108360 396;111960 
206: 
207: 1;122760 34;122760 46;115560 84;115560 104;122760 107;119160 115;108360 119;122760 141;122760 157;111960 162;122760 175;119160 191;119160 206;119160 210;122760 211;122760 223;122760 294;122760 317;122760 342;122760 350;119160 367;122760 369;122760 382;122760 385;122760 
208: 
209: 
210: 
211: 38;122760 50;119160 58;122760 62;122760 64;122760 76;122760 82;122760 106;119160 108;122760 114;122760 136;122760 167;115560 169;119160 177;119160 201;119160 220;119160 230;122760 240;115560 300;122760 309;122760 314;122760 326;115560 367;122760 377;119160 391;119160 
212: 
213: 
214: 
215: 
216: 7;122760 14;119160 22;122760 24;122760 29;122760 35;122760 38;122760 67;122760 68;122760 92;115560 100;122760 137;122760 142;122760 195;122760 233;119160 320;115560 335;122760 345;119160 364;122760 373;119160 380;119160 391;119160 394;122760 
217: 35;122760 43;122760 64;119160 83;115560 93;122760 107;122760 108;122760 150;111960 174;122760 201;119160 231;122760 250;119160 271;119160 277;122760 281;122760 297;122760 322;122760 323;119160 329;122760 332;122760 345;122760 347;119160 348;119160 363;122760 367;122760 
218: 31;115560 32;115560 66;115560 83;115560 122;115560 147;115560 151;115560 159;115560 230;115560 231;115560 240;115560 275;115560 295;115560 321;115560 322;115560 326;115560 330;115560 348;115560 365;115560 370;115560 
219: 10;108360 12;108360 13;108360 21;104760 45;108360 57;104760 69;108360 119;108360 125;108360 185;104760 194;101160 197;108360 218;108360 225;108360 256;108360 267;108360 272;104760 283;108360 295;108360 298;108360 323;101160 347;104760 362;108360 365;104760 392;108360 
220: 
221: 16;111960 38;108360 51;108360 66;111960 89;111960 93;111960 108;104760 122;111960 131;104760 185;111960 190;111960 201;111960 226;111960 246;111960 258;111960 259;108360 275;111960 330;111960 340;111960 344;108360 346;108360 347;111960 370;111960 396;111960 
222: 0;119160 38;122760 39;119160 44;122760 58;115560 62;122760 82;119160 98;122760 100;119160 106;122760 114;122760 136;119160 166;122760 167;115560 176;122760 230;122760 240;122760 248;119160 269;122760 283;122760 300;122760 336;111960 365;119160 377;115560 391;111960 
223: 
224: 
225: 17;119160 52;119160 93;122760 94;122760 125;119160 132;119160 135;122760 141;119160 145;122760 164;122760 182;122760 185;122760 190;119160 201;122760 246;122760 290;122760 340;122760 347;122760 361;122760 365;122760 375;122760 
226: 
227: 
228: 16;119160 38;122760 51;122760 66;122760 89;122760 93;122760 108;115560 122;122760 131;122760 185;115560 190;122760 201;122760 218;119160 226;122760 246;122760 258;119160 259;122760 275;115560 330;115560 340;122760 344;115560 346;119160 347;119160 370;122760 396;122760 
229: 
230: 
231: 
232: 31;115560 66;115560 80;115560 122;111960 131;115560 134;111960 147;104760 185;115560 190;111960 197;115560 204;111960 222;115560 226;115560 236;115560 244;108360 246;111960 275;115560 301;108360 314;111960 330;115560 340;115560 347;111960 370;115560 375;115560 400;115560 
233: 8;115560 48;115560 64;104760 75;111960 96;111960 98;115560 112;111960 113;111960 131;115560 211;111960 234;111960 290;115560 317;115560 322;115560 337;111960 339;115560 343;111960 348;115560 363;115560 367;111960 372;115560 377;115560 383;111960 389;115560 399;111960 
234: 1;122760 21;122760 34;122760 35;122760 46;119160 48;111960 139;122760 141;119160 152;122760 153;122760 201;115560 206;122760 218;119160 244;119160 294;122760 300;122760 322;122760 342;122760 343;122760 348;122760 350;122760 367;122760 383;122760 389;115560 399;122760 
235: 
236: 43;115560 54;115560 65;115560 121;115560 172;115560 175;115560 262;115560 265;115560 357;115560 
237: 
238: 
239: 48;122760 60;122760 65;122760 69;122760 89;122760 94;122760 99;122760 150;122760 157;122760 213;119160 219;122760 285;122760 293;122760 296;122760 315;122760 360;119160 370;122760 375;119160 377;122760 
240: 15;122760 38;111960 58;122760 62;122760 82;122760 100;122760 106;122760 114;115560 136;122760 166;115560 167;119160 169;122760 201;119160 220;122760 230;111960 248;122760 269;122760 300;122760 309;119160 321;122760 322;122760 326;122760 336;119160 377;122760 391;119160 
241: 
242: 64;111960 83;111960 106;111960 150;111960 205;111960 229;111960 296;111960 324;111960 328;111960 
243: 11;122760 16;111960 24;122760 38;122760 41;115560 67;122760 80;122760 94;122760 114;111960 155;122760 158;119160 163;119160 233;122760 246;122760 262;122760 267;115560 278;122760 282;115560 285;122760 287;122760 311;122760 334;119160 337;122760 353;122760 354;122760 
244: 10;122760 13;122760 35;119160 54;119160 68;122760 71;122760 77;119160 101;122760 112;122760 128;122760 155;122760 163;115560 233;119160 236;122760 265;101160 275;122760 290;122760 315;111960 317;122760 334;119160 337;122760 342;119160 343;119160 354;122760 365;122760 
245: 
246: 24;122760 38;122760 88;122760 93;119160 94;115560 115;115560 125;122760 132;122760 135;122760 163;119160 185;122760 190;119160 194;122760 201;122760 207;122760 225;122760 228;115560 265;122760 340;122760 347;122760 365;122760 369;115560 370;119160 385;122760 396;122760 
247: 
248: 21;119160 38;119160 51;122760 75;122760 91;122760 114;122760 131;122760 139;122760 153;122760 159;122760 167;122760 201;119160 217;115560 240;119160 254;119160 260;119160 269;119160 272;122760 281;122760 289;122760 294;122760 303;122760 319;122760 320;119160 392;122760 
249: 
250: 
251: 
252: 21;115560 58;115560 69;115560 73;115560 114;111960 153;115560 196;115560 197;115560 213;115560 230;115560 240;115560 250;115560 299;111960 312;115560 319;115560 348;115560 391;115560 399;115560 
253: 3;97559.7 24;97559.7 29;97559.7 47;97559.7 96;97559.7 114;97559.7 155;97559.7 157;97559.7 274;97559.7 284;97559.7 297;97559.7 334;97559.7 338;97559.7 356;97559.7 361;97559.7 370;97559.7 378;97559.7 
254: 
255: 11;115560 16;115560 24;115560 38;115560 67;115560 80;115560 94;115560 114;115560 158;115560 163;115560 246;115560 267;115560 285;115560 287;115560 311;115560 334;115560 
256: 
257: 
258: 
259: 
260: 
261: 6;119160 22;122760 23;122760 34;122760 38;119160 46;119160 60;111960 61;122760 86;119160 104;122760 115;119160 119;122760 141;122760 149;122760 162;115560 191;115560 207;122760 229;122760 288;122760 302;119160 308;122760 317;119160 342;115560 367;119160 369;122760 
262: 
263: 
264: 21;90359.7 35;90359.7 48;90359.7 52;90359.7 64;90359.7 73;90359.7 75;90359.7 98;90359.7 146;90359.7 260;90359.7 290;90359.7 300;90359.7 317;90359.7 332;90359.7 348;90359.7 350;90359.7 374;90359.7 
265: 72;122760 93;122760 125;122760 128;122760 131;122760 135;108360 164;119160 185;119160 190;122760 194;122760 197;122760 201;115560 225;119160 226;119160 228;122760 246;122760 314;122760 330;122760 340;122760 347;122760 365;119160 369;122760 375;119160 385;111960 396;119160 
266: 
267: 
268: 
269: 63;119160 97;122760 138;122760 173;122760 174;122760 242;122760 260;122760 372;122760 398;122760 
270: 10;111960 22;111960 56;111960 83;111960 115;111960 143;111960 172;111960 198;111960 203;104760 208;104760 220;111960 233;111960 276;111960 279;111960 281;111960 284;104760 288;111960 320;111960 321;111960 324;108360 340;111960 364;108360 372;108360 380;108360 394;104760 
271: 
272: 22;119160 24;119160 68;119160 92;119160 139;115560 142;119160 148;119160 166;119160 170;119160 185;119160 195;119160 204;119160 213;115560 227;119160 242;119160 271;115560 325;115560 364;119160 373;119160 380;119160 394;119160 
273: 
274: 
275: 
276: 
277: 
278: 
279: 
280: 12;104760 47;104760 56;104760 60;97559.7 68;104760 77;104760 78;104760 119;104760 157;104760 201;104760 209;97559.7 227;104760 238;104760 254;104760 260;104760 262;97559.7 264;104760 267;104760 296;104760 335;104760 360;101160 364;104760 373;104760 397;104760 
281: 
282: 39;122760 51;122760 81;122760 86;122760 119;119160 123;122760 146;119160 152;119160 153;122760 165;122760 172;122760 195;115560 198;119160 211;122760 234;122760 245;115560 284;122760 293;122760 301;122760 346;115560 383;122760 385;119160 389;119160 396;122760 400;122760 
283: 8;122760 21;122760 67;122760 75;122760 82;122760 98;122760 113;119160 135;122760 139;119160 177;122760 211;122760 240;122760 244;122760 290;122760 294;122760 300;122760 317;122760 323;119160 337;122760 348;122760 363;122760 385;122760 
284: 4;115560 5;122760 13;122760 46;122760 61;119160 72;122760 83;119160 93;122760 104;115560 135;122760 136;115560 139;122760 141;122760 147;122760 160;122760 207;122760 210;119160 223;122760 238;119160 256;122760 317;122760 347;119160 350;122760 367;122760 369;122760 
285: 7;122760 39;111960 73;122760 86;119160 119;111960 123;119160 146;119160 165;122760 181;122760 189;122760 193;111960 195;119160 197;119160 198;122760 245;122760 293;122760 301;122760 346;122760 347;122760 351;122760 365;122760 376;122760 385;122760 389;122760 396;122760 
286: 
287: 
288: 
289: 
290: 0;115560 38;119160 44;122760 52;122760 58;122760 98;122760 100;122760 106;119160 114;122760 136;122760 166;122760 176;122760 204;122760 205;122760 206;122760 248;122760 283;119160 293;111960 300;115560 353;122760 354;119160 365;122760 377;119160 386;119160 391;115560 
291: 
292: 39;97559.7 51;97559.7 81;97559.7 86;97559.7 119;97559.7 146;97559.7 152;97559.7 165;97559.7 172;97559.7 198;97559.7 211;97559.7 234;97559.7 245;97559.7 284;97559.7 301;97559.7 385;97559.7 396;97559.7 400;97559.7 
293: 15;101160 53;101160 58;101160 92;101160 100;101160 106;101160 112;101160 136;101160 161;101160 201;101160 202;101160 220;101160 240;101160 322;101160 333;101160 336;101160 391;101160 
294: 
295: 
296: 7;115560 39;115560 73;119160 86;119160 119;119160 146;115560 165;119160 181;115560 189;119160 193;119160 195;119160 197;115560 198;119160 245;115560 293;111960 301;111960 346;119160 347;119160 351;119160 365;119160 376;115560 385;115560 389;115560 396;119160 
297: 35;119160 52;119160 64;115560 73;119160 75;119160 110;119160 113;115560 131;119160 139;119160 146;115560 174;119160 244;119160 260;108360 300;119160 317;111960 322;119160 323;111960 332;119160 337;119160 339;111960 363;111960 367;119160 374;119160 383;119160 397;119160 
298: 
299: 
300: 21;111960 48;111960 75;111960 139;111960 141;111960 153;111960 244;111960 294;111960 317;111960 322;111960 323;111960 337;111960 350;111960 383;111960 399;111960 
301: 
302: 
303: 
304: 41;122760 66;101160 72;122760 77;122760 93;122760 136;122760 147;122760 150;122760 161;122760 194;101160 195;101160 205;101160 238;122760 239;122760 290;122760 319;122760 337;122760 345;122760 369;122760 379;122760 389;122760 396;122760 
305: 
306: 
307: 
308: 7;101160 39;101160 86;101160 119;101160 146;101160 165;101160 189;101160 193;101160 197;101160 198;101160 293;101160 346;101160 347;101160 351;101160 376;101160 389;101160 396;101160 
309: 
310: 
311: 7;122760 21;119160 29;122760 35;122760 102;122760 105;122760 114;119160 119;122760 137;122760 139;122760 152;122760 153;122760 182;119160 201;122760 220;122760 240;122760 309;119160 342;115560 348;119160 367;122760 371;119160 384;122760 389;119160 391;119160 392;122760 
312: 
313: 28;122760 38;115560 58;119160 69;115560 73;122760 81;111960 102;122760 106;122760 114;119160 166;122760 194;122760 201;122760 206;122760 220;115560 228;122760 237;119160 238;122760 240;119160 250;119160 254;122760 300;122760 315;115560 319;122760 384;119160 399;122760 
314: 8;122760 48;122760 64;111960 75;122760 96;119160 98;122760 112;122760 113;122760 131;122760 211;119160 234;122760 290;115560 317;104760 322;122760 337;122760 339;111960 343;122760 348;122760 363;119160 367;122760 372;122760 377;119160 383;122760 389;122760 399;119160 
315: 38;119160 41;119160 47;115560 60;122760 94;115560 130;122760 144;122760 150;122760 152;122760 155;119160 157;122760 163;119160 207;122760 219;122760 253;115560 265;122760 267;122760 327;122760 334;119160 340;119160 353;122760 354;122760 370;122760 382;119160 392;122760 
316: 
317: 13;119160 38;122760 47;122760 54;119160 68;122760 71;122760 94;122760 112;122760 152;122760 155;115560 163;122760 219;108360 253;115560 265;122760 267;119160 290;122760 315;122760 334;122760 337;122760 353;119160 354;122760 365;115560 370;122760 382;119160 392;122760 
318: 0;108360 5;108360 17;108360 34;108360 35;108360 48;104760 59;104760 76;108360 95;108360 104;108360 114;108360 124;108360 156;108360 187;104760 195;108360 242;104760 291;108360 293;108360 304;108360 322;108360 344;108360 365;108360 383;101160 390;104760 392;108360 
319: 21;115560 35;122760 38;122760 81;122760 114;119160 139;119160 153;119160 159;122760 167;111960 201;119160 217;119160 231;122760 237;122760 240;122760 242;122760 243;122760 250;111960 254;122760 281;122760 289;122760 300;122760 303;122760 383;115560 392;122760 399;122760 
320: 
321: 
322: 35;101160 48;101160 114;101160 139;101160 152;101160 153;101160 201;101160 242;101160 250;101160 300;101160 321;101160 367;101160 383;101160 389;101160 391;101160 399;101160 
323: 
324: 14;115560 38;115560 67;115560 68;115560 69;115560 92;115560 100;115560 142;115560 195;115560 320;115560 335;115560 345;115560 364;115560 373;115560 391;115560 
325: 
326: 0;97559.7 58;97559.7 62;97559.7 82;97559.7 98;97559.7 100;97559.7 106;97559.7 114;97559.7 166;97559.7 167;97559.7 176;97559.7 269;97559.7 283;97559.7 336;97559.7 377;97559.7 391;97559.7 
327: 
328: 21;115560 46;115560 113;115560 153;115560 171;115560 179;115560 198;115560 290;115560 350;115560 360;115560 368;115560 383;115560 388;115560 392;115560 
329: 
330: 0;119160 38;115560 39;108360 44;119160 58;119160 62;115560 82;115560 98;119160 100;115560 106;119160 114;111960 136;119160 166;119160 167;119160 176;119160 230;115560 240;119160 248;119160 269;119160 283;115560 300;119160 336;119160 365;104760 377;119160 391;119160 
331: 24;115560 29;122760 38;122760 67;119160 68;122760 69;122760 91;122760 111;119160 113;122760 137;122760 141;122760 142;115560 153;119160 164;108360 166;122760 200;111960 206;122760 244;122760 246;122760 269;122760 294;122760 300;122760 320;119160 335;122760 389;122760 
332: 25;97559.7 36;97559.7 58;97559.7 121;97559.7 142;97559.7 193;97559.7 244;97559.7 246;97559.7 250;93959.7 282;93959.7 299;97559.7 308;93959.7 309;97559.7 312;93959.7 321;97559.7 326;97559.7 337;97559.7 373;93959.7 400;97559.7 
333: 
334: 4;122760 10;115560 13;115560 20;119160 38;119160 46;122760 65;122760 68;119160 87;119160 89;119160 137;119160 148;122760 149;122760 157;122760 179;122760 181;122760 203;122760 240;122760 280;122760 292;119160 298;122760 324;122760 342;122760 353;122760 361;122760 
335: 52;90359.7 93;90359.7 132;90359.7 135;90359.7 145;90359.7 164;90359.7 190;90359.7 194;90359.7 201;90359.7 220;90359.7 233;90359.7 246;90359.7 340;90359.7 347;90359.7 361;90359.7 365;90359.7 
336: 
337: 
338: 3;93959.7 11;97559.7 24;93959.7 46;93959.7 47;97559.7 80;97559.7 114;93959.7 155;97559.7 157;93959.7 158;97559.7 163;93959.7 169;93959.7 207;97559.7 246;97559.7 274;97559.7 278;97559.7 284;93959.7 334;97559.7 341;97559.7 361;97559.7 370;97559.7 378;97559.7 
339: 
340: 
341: 
342: 11;93959.7 16;101160 21;101160 24;101160 35;101160 41;97559.7 67;101160 81;97559.7 94;101160 155;101160 158;101160 159;97559.7 163;101160 237;101160 243;101160 250;101160 254;101160 262;101160 281;101160 285;97559.7 287;93959.7 353;97559.7 354;101160 392;97559.7 
343: 21;119160 35;122760 48;122760 81;122760 102;122760 114;119160 139;119160 152;122760 153;122760 201;122760 218;122760 220;122760 230;122760 240;122760 242;119160 250;122760 300;119160 322;111960 348;122760 367;122760 383;122760 389;115560 391;119160 392;122760 399;108360 
344: 
345: 2;101160 18;101160 100;101160 197;101160 200;101160 221;101160 229;101160 328;101160 
346: 
347: 10;122760 12;122760 13;122760 21;119160 45;122760 57;122760 69;122760 119;119160 194;122760 197;122760 218;122760 225;119160 256;122760 267;122760 272;122760 283;122760 295;122760 298;119160 362;122760 365;122760 385;122760 392;122760 
348: 21;104760 24;108360 35;108360 53;108360 59;104760 94;108360 102;108360 114;108360 152;108360 218;108360 230;108360 242;108360 274;104760 304;108360 311;108360 322;104760 336;108360 367;108360 383;104760 
349: 
350: 
351: 
352: 41;122760 66;122760 72;119160 77;119160 93;115560 132;122760 136;122760 147;122760 150;122760 160;119160 161;122760 194;122760 195;122760 205;122760 238;122760 239;122760 290;115560 319;119160 337;122760 345;122760 369;119160 379;119160 389;119160 396;119160 
353: 
354: 0;108360 38;108360 39;108360 44;108360 58;108360 82;108360 98;108360 106;108360 167;108360 230;108360 240;108360 269;108360 283;108360 300;108360 336;108360 377;108360 
355: 
356: 
357: 3;119160 11;108360 24;119160 46;119160 47;119160 80;119160 114;108360 155;119160 158;108360 163;119160 207;119160 246;119160 274;119160 278;108360 284;119160 334;119160 354;108360 361;119160 370;119160 378;108360 
358: 12;97559.7 47;97559.7 60;97559.7 77;97559.7 119;97559.7 157;97559.7 227;97559.7 238;97559.7 260;97559.7 264;97559.7 267;97559.7 296;97559.7 314;97559.7 335;97559.7 373;97559.7 397;97559.7 
359: 
360: 
361: 
362: 22;111960 26;108360 73;111960 102;108360 114;108360 153;111960 203;104760 220;108360 226;111960 230;104760 276;111960 281;111960 284;108360 288;111960 300;108360 320;104760 324;111960 343;101160 348;111960 365;111960 372;111960 374;111960 383;108360 389;111960 392;111960 
363: 21;122760 35;122760 48;122760 75;115560 98;122760 113;119160 131;122760 139;111960 141;119160 153;122760 244;122760 290;122760 294;122760 300;122760 317;122760 322;122760 323;122760 337;122760 339;122760 348;122760 350;119160 367;122760 383;115560 397;119160 399;119160 
364: 80;93959.7 134;93959.7 185;93959.7 190;93959.7 204;93959.7 222;93959.7 244;93959.7 246;93959.7 275;93959.7 301;93959.7 314;93959.7 330;93959.7 340;93959.7 347;93959.7 370;93959.7 400;93959.7 
365: 
366: 3;115560 11;119160 24;122760 35;122760 46;119160 47;115560 80;122760 155;122760 157;122760 158;122760 163;122760 169;122760 207;122760 246;119160 267;122760 274;122760 278;119160 284;122760 334;122760 341;122760 354;115560 361;115560 378;122760 
367: 
368: 24;122760 35;122760 46;122760 157;122760 158;122760 169;122760 200;122760 246;122760 256;122760 284;122760 288;122760 301;122760 334;122760 361;122760 378;122760 
369: 
370: 60;119160 94;119160 98;119160 150;119160 152;119160 176;119160 180;119160 203;115560 208;119160 281;115560 283;119160 289;119160 295;115560 334;119160 353;119160 354;119160 392;119160 398;119160 
371: 
372: 
373: 15;119160 38;119160 58;122760 62;119160 82;122760 100;119160 106;122760 114;111960 136;122760 166;122760 167;119160 169;119160 201;122760 220;122760 230;122760 248;122760 269;122760 300;122760 309;122760 321;122760 322;122760 326;122760 336;122760 377;119160 391;122760 
374: 38;93959.7 58;97559.7 62;97559.7 82;97559.7 100;97559.7 114;97559.7 136;97559.7 166;97559.7 220;97559.7 230;97559.7 248;97559.7 269;97559.7 300;97559.7 309;97559.7 321;97559.7 322;97559.7 336;97559.7 377;93959.7 
375: 66;119160 72;119160 77;119160 93;119160 132;115560 136;115560 150;119160 160;115560 161;119160 194;119160 195;119160 205;119160 225;119160 238;119160 239;119160 290;119160 319;119160 337;119160 345;119160 369;119160 379;119160 389;115560 396;115560 
376: 
377: 21;111960 35;122760 48;119160 81;122760 102;122760 114;122760 139;122760 152;122760 153;119160 201;122760 218;122760 220;111960 230;122760 240;122760 242;119160 250;122760 300;119160 322;119160 348;122760 367;119160 383;122760 389;119160 391;122760 392;122760 399;119160 
378: 
379: 
380: 22;101160 59;101160 87;101160 100;101160 157;101160 158;101160 169;101160 261;101160 264;101160 266;101160 267;101160 274;101160 294;101160 338;101160 341;101160 378;101160 
381: 
382: 
383: 11;115560 24;119160 35;122760 38;122760 41;115560 47;122760 80;122760 88;119160 94;111960 114;122760 155;122760 157;122760 158;122760 163;122760 207;108360 246;122760 253;122760 265;119160 278;122760 285;122760 334;122760 340;122760 353;108360 354;122760 370;122760 
384: 32;122760 54;122760 63;122760 67;122760 79;122760 91;122760 111;122760 149;122760 206;122760 229;122760 230;122760 260;122760 313;122760 318;122760 327;122760 337;122760 388;122760 395;122760 400;122760 
385: 21;122760 35;122760 48;122760 75;122760 98;122760 113;115560 131;122760 139;122760 141;122760 153;119160 244;119160 290;122760 294;122760 300;122760 317;122760 322;115560 323;119160 337;119160 339;122760 348;122760 350;122760 367;111960 383;122760 397;122760 399;119160 
386: 
387: 
388: 
389: 21;119160 35;104760 48;119160 81;119160 102;119160 114;104760 139;119160 152;119160 153;119160 201;101160 218;119160 220;119160 230;119160 240;119160 242;119160 250;101160 281;119160 300;119160 322;119160 348;104760 367;119160 383;119160 391;104760 392;119160 399;119160 
390: 
391: 31;108360 39;104760 48;108360 51;108360 84;108360 86;101160 90;108360 119;104760 145;104760 159;108360 178;108360 201;108360 203;108360 230;108360 240;108360 245;108360 250;108360 322;108360 345;108360 367;108360 383;108360 389;104760 392;104760 399;104760 
392: 
393: 31;122760 57;119160 63;122760 66;111960 80;115560 122;122760 134;122760 147;122760 157;122760 165;122760 174;122760 190;122760 213;122760 226;122760 232;119160 239;115560 246;122760 264;122760 330;119160 340;122760 347;119160 348;122760 379;122760 392;119160 400;122760 
394: 10;122760 22;122760 38;119160 56;119160 60;122760 62;122760 68;119160 100;119160 114;122760 208;122760 209;122760 220;122760 227;122760 233;122760 262;119160 264;122760 309;122760 322;122760 335;122760 336;119160 345;119160 364;122760 373;119160 380;111960 400;115560 
395: 16;122760 24;122760 63;122760 94;122760 106;122760 116;122760 164;122760 191;122760 195;122760 384;122760 
396: 
397: 21;122760 35;119160 48;122760 81;119160 102;122760 114;122760 139;122760 152;122760 153;122760 201;119160 218;115560 220;122760 230;122760 240;108360 242;119160 250;122760 300;122760 322;119160 348;122760 367;122760 383;122760 389;122760 391;122760 392;108360 399;119160 
398: 
399: 15;122760 21;122760 35;122760 58;115560 69;122760 81;122760 102;122760 106;122760 114;111960 159;122760 166;122760 201;122760 220;122760 230;119160 237;122760 240;111960 242;119160 250;119160 254;122760 281;119160 300;122760 319;122760 348;122760 391;122760 392;122760 
400: 
