0: 
1: 17;93959.7 35;93959.7 38;93959.7 52;93959.7 112;93959.7 143;93959.7 156;93959.7 191;93959.7 214;93959.7 236;93959.7 267;93959.7 284;93959.7 296;93959.7 377;93959.7 379;93959.7 385;93959.7 390;93959.7 
2: 21;93959.7 62;93959.7 98;93959.7 106;93959.7 136;93959.7 167;93959.7 170;93959.7 176;93959.7 182;93959.7 217;93959.7 230;93959.7 263;93959.7 265;93959.7 269;93959.7 377;93959.7 380;93959.7 
3: 
4: 
5: 
6: 
7: 
8: 
9: 
10: 68;93959.7 93;93959.7 95;93959.7 127;93959.7 141;93959.7 157;93959.7 164;93959.7 185;93959.7 240;93959.7 275;93959.7 280;93959.7 285;93959.7 353;93959.7 365;93959.7 
11: 
12: 
13: 
14: 15;93959.7 38;93959.7 43;93959.7 106;93959.7 119;93959.7 136;93959.7 155;93959.7 166;93959.7 169;93959.7 201;93959.7 269;93959.7 300;93959.7 358;93959.7 373;93959.7 377;93959.7 
15: 
16: 
17: 72;90359.7 125;90359.7 135;90359.7 197;90359.7 201;90359.7 246;90359.7 340;90359.7 365;90359.7 
18: 
19: 
20: 
21: 
22: 
23: 41;93959.7 66;90359.7 72;90359.7 77;93959.7 93;90359.7 132;93959.7 136;93959.7 147;93959.7 150;93959.7 161;93959.7 194;90359.7 195;93959.7 205;93959.7 225;93959.7 238;93959.7 239;93959.7 290;93959.7 319;93959.7 337;93959.7 369;90359.7 389;93959.7 396;93959.7 
24: 
25: 
26: 
27: 
28: 
29: 
30: 
31: 
32: 
33: 
34: 
35: 30;93959.7 48;93959.7 78;93959.7 141;93959.7 153;93959.7 206;93959.7 233;93959.7 240;93959.7 259;93959.7 334;93959.7 342;93959.7 348;93959.7 354;93959.7 383;93959.7 
36: 
37: 
38: 
39: 
40: 
41: 
42: 
43: 10;93959.7 21;90359.7 68;93959.7 77;93959.7 81;93959.7 98;90359.7 101;93959.7 128;93959.7 145;90359.7 154;93959.7 155;93959.7 170;93959.7 175;93959.7 244;90359.7 265;93959.7 275;93959.7 290;93959.7 334;93959.7 342;93959.7 365;93959.7 378;90359.7 
44: 
45: 
46: 
47: 
48: 
49: 
50: 
51: 
52: 
53: 
54: 
55: 
56: 2;93959.7 10;93959.7 13;93959.7 59;93959.7 68;93959.7 87;93959.7 100;93959.7 117;93959.7 137;93959.7 157;93959.7 261;93959.7 280;93959.7 294;93959.7 345;93959.7 364;93959.7 373;93959.7 380;93959.7 
57: 
58: 14;93959.7 51;93959.7 107;93959.7 114;93959.7 132;93959.7 164;93959.7 242;93959.7 303;93959.7 384;93959.7 
59: 
60: 1;93959.7 21;93959.7 34;93959.7 46;93959.7 48;93959.7 81;90359.7 102;93959.7 139;93959.7 141;90359.7 152;93959.7 153;93959.7 206;90359.7 218;90359.7 242;93959.7 244;90359.7 294;93959.7 300;93959.7 322;93959.7 342;93959.7 343;90359.7 367;90359.7 383;90359.7 389;93959.7 399;93959.7 
61: 
62: 
63: 
64: 
65: 
66: 
67: 13;93959.7 68;93959.7 87;93959.7 95;93959.7 127;93959.7 135;93959.7 137;93959.7 157;93959.7 164;93959.7 182;93959.7 275;93959.7 280;93959.7 290;93959.7 375;93959.7 389;93959.7 
68: 2;90359.7 10;93959.7 13;93959.7 87;90359.7 100;93959.7 105;90359.7 117;93959.7 137;93959.7 157;93959.7 203;90359.7 233;93959.7 261;93959.7 264;93959.7 280;90359.7 294;93959.7 300;90359.7 338;90359.7 342;93959.7 345;93959.7 364;93959.7 373;90359.7 380;93959.7 
69: 
70: 
71: 
72: 17;86759.7 52;86759.7 93;86759.7 94;90359.7 125;90359.7 132;90359.7 141;90359.7 145;90359.7 164;90359.7 182;86759.7 190;90359.7 194;90359.7 197;86759.7 201;90359.7 233;90359.7 246;86759.7 290;90359.7 340;90359.7 347;90359.7 361;86759.7 365;90359.7 375;90359.7 389;90359.7 
73: 
74: 
75: 
76: 
77: 
78: 
79: 
80: 
81: 
82: 38;93959.7 58;93959.7 106;93959.7 114;93959.7 132;93959.7 136;93959.7 144;93959.7 164;93959.7 167;93959.7 201;93959.7 242;93959.7 269;90359.7 300;93959.7 303;93959.7 326;93959.7 377;93959.7 384;93959.7 
83: 
84: 
85: 
86: 
87: 
88: 
89: 
90: 
91: 
92: 
93: 
94: 22;90359.7 47;93959.7 56;93959.7 60;93959.7 68;93959.7 114;90359.7 175;93959.7 194;90359.7 209;93959.7 227;93959.7 232;93959.7 233;93959.7 254;90359.7 260;93959.7 262;90359.7 264;90359.7 267;90359.7 296;93959.7 335;86759.7 345;93959.7 373;93959.7 393;93959.7 394;93959.7 400;93959.7 
95: 
96: 
97: 
98: 
99: 
100: 38;93959.7 55;93959.7 67;93959.7 97;93959.7 117;93959.7 123;93959.7 199;93959.7 293;93959.7 318;93959.7 
101: 
102: 
103: 
104: 
105: 
106: 
107: 
108: 
109: 
110: 
111: 
112: 
113: 
114: 
115: 
116: 
117: 
118: 
119: 
120: 
121: 
122: 
123: 
124: 
125: 
126: 
127: 
128: 
129: 
130: 
131: 
132: 72;93959.7 79;93959.7 86;93959.7 199;93959.7 276;93959.7 301;93959.7 383;93959.7 400;93959.7 
133: 
134: 
135: 24;93959.7 43;90359.7 57;93959.7 63;93959.7 67;90359.7 89;93959.7 91;93959.7 111;90359.7 114;93959.7 138;93959.7 155;93959.7 163;93959.7 169;90359.7 202;93959.7 222;90359.7 236;93959.7 237;90359.7 265;90359.7 267;93959.7 322;93959.7 337;93959.7 339;90359.7 347;93959.7 360;93959.7 
136: 
137: 
138: 22;93959.7 57;93959.7 67;93959.7 89;93959.7 114;93959.7 155;93959.7 163;93959.7 169;93959.7 202;93959.7 222;93959.7 236;93959.7 243;90359.7 278;90359.7 285;90359.7 287;93959.7 289;93959.7 322;90359.7 334;93959.7 337;93959.7 353;93959.7 354;93959.7 
139: 
140: 
141: 
142: 
143: 
144: 
145: 15;93959.7 58;93959.7 161;93959.7 167;93959.7 169;93959.7 216;93959.7 220;93959.7 230;93959.7 253;93959.7 278;93959.7 281;93959.7 326;93959.7 350;93959.7 377;93959.7 391;93959.7 
146: 
147: 
148: 
149: 
150: 
151: 
152: 
153: 
154: 
155: 
156: 
157: 
158: 
159: 
160: 
161: 
162: 
163: 
164: 4;86759.7 23;86759.7 38;90359.7 53;90359.7 58;90359.7 82;90359.7 92;90359.7 100;90359.7 114;86759.7 136;90359.7 161;86759.7 166;86759.7 202;90359.7 220;90359.7 230;90359.7 240;90359.7 248;90359.7 269;90359.7 300;86759.7 309;86759.7 333;86759.7 336;90359.7 377;90359.7 393;90359.7 
165: 
166: 7;90359.7 14;93959.7 22;93959.7 24;93959.7 29;93959.7 35;93959.7 38;93959.7 67;90359.7 68;93959.7 69;90359.7 92;93959.7 100;93959.7 137;90359.7 142;93959.7 195;90359.7 227;90359.7 320;93959.7 335;93959.7 345;93959.7 364;90359.7 380;93959.7 391;93959.7 
167: 
168: 
169: 
170: 
171: 
172: 
173: 
174: 
175: 
176: 
177: 
178: 
179: 
180: 
181: 
182: 
183: 
184: 
185: 56;93959.7 66;93959.7 76;93959.7 78;93959.7 90;93959.7 114;93959.7 146;93959.7 149;93959.7 211;93959.7 272;93959.7 373;93959.7 393;93959.7 394;93959.7 400;93959.7 
186: 
187: 
188: 
189: 
190: 
191: 
192: 
193: 
194: 
195: 
196: 
197: 
198: 
199: 
200: 
201: 
202: 
203: 
204: 
205: 
206: 
207: 
208: 
209: 
210: 
211: 
212: 
213: 
214: 
215: 
216: 
217: 
218: 
219: 
220: 
221: 
222: 
223: 
224: 
225: 
226: 
227: 
228: 
229: 
230: 
231: 
232: 
233: 8;93959.7 48;93959.7 64;93959.7 75;93959.7 131;93959.7 211;93959.7 290;93959.7 337;93959.7 343;93959.7 348;93959.7 363;93959.7 367;93959.7 372;93959.7 383;93959.7 389;93959.7 399;93959.7 
234: 
235: 
236: 
237: 
238: 
239: 
240: 15;93959.7 58;93959.7 62;93959.7 82;93959.7 100;93959.7 106;93959.7 167;93959.7 169;93959.7 201;93959.7 220;93959.7 230;93959.7 300;93959.7 309;93959.7 321;93959.7 
241: 
242: 
243: 
244: 10;93959.7 13;93959.7 54;93959.7 71;93959.7 112;93959.7 128;93959.7 163;93959.7 233;93959.7 236;93959.7 265;93959.7 290;93959.7 315;93959.7 317;93959.7 337;93959.7 354;93959.7 365;93959.7 
245: 
246: 
247: 
248: 21;93959.7 38;93959.7 51;93959.7 91;90359.7 114;90359.7 131;90359.7 159;93959.7 167;93959.7 201;93959.7 217;93959.7 240;93959.7 254;93959.7 260;93959.7 269;93959.7 272;90359.7 281;93959.7 289;93959.7 294;90359.7 303;90359.7 319;93959.7 320;93959.7 392;93959.7 
249: 
250: 
251: 
252: 
253: 
254: 
255: 
256: 
257: 
258: 
259: 
260: 
261: 22;93959.7 38;93959.7 60;93959.7 61;93959.7 86;93959.7 162;93959.7 229;93959.7 288;93959.7 302;93959.7 308;93959.7 
262: 
263: 
264: 21;90359.7 35;90359.7 48;90359.7 52;90359.7 64;90359.7 73;90359.7 75;90359.7 98;90359.7 146;90359.7 260;90359.7 290;90359.7 300;90359.7 317;90359.7 332;90359.7 348;90359.7 350;90359.7 374;90359.7 
265: 72;93959.7 93;93959.7 125;93959.7 135;93959.7 164;93959.7 185;93959.7 190;93959.7 197;93959.7 201;93959.7 228;93959.7 246;93959.7 314;93959.7 340;93959.7 365;93959.7 369;93959.7 375;93959.7 385;93959.7 
266: 
267: 
268: 
269: 
270: 
271: 
272: 
273: 
274: 
275: 
276: 
277: 
278: 
279: 
280: 
281: 
282: 
283: 
284: 
285: 
286: 
287: 
288: 
289: 
290: 38;93959.7 52;93959.7 106;93959.7 136;93959.7 204;93959.7 205;93959.7 206;93959.7 248;93959.7 283;93959.7 293;93959.7 353;93959.7 354;93959.7 365;93959.7 377;93959.7 386;93959.7 391;93959.7 
291: 
292: 
293: 
294: 
295: 
296: 
297: 
298: 
299: 
300: 
301: 
302: 
303: 
304: 
305: 
306: 
307: 
308: 
309: 
310: 
311: 
312: 
313: 
314: 
315: 
316: 
317: 13;93959.7 47;93959.7 54;93959.7 71;93959.7 94;93959.7 112;93959.7 155;93959.7 163;93959.7 219;93959.7 290;93959.7 334;93959.7 337;93959.7 353;93959.7 354;93959.7 365;93959.7 382;93959.7 
318: 
319: 21;93959.7 139;93959.7 153;93959.7 159;93959.7 217;93959.7 231;93959.7 240;93959.7 243;93959.7 254;93959.7 281;93959.7 289;93959.7 300;93959.7 303;93959.7 383;93959.7 392;93959.7 399;93959.7 
320: 
321: 
322: 
323: 
324: 
325: 
326: 
327: 
328: 
329: 
330: 
331: 
332: 25;93959.7 58;93959.7 121;93959.7 142;93959.7 244;93959.7 246;93959.7 250;93959.7 282;93959.7 299;93959.7 308;93959.7 312;93959.7 321;93959.7 373;93959.7 400;93959.7 
333: 
334: 20;93959.7 38;93959.7 46;93959.7 65;93959.7 87;93959.7 89;93959.7 137;93959.7 148;93959.7 157;93959.7 181;93959.7 203;93959.7 280;93959.7 292;93959.7 298;93959.7 324;93959.7 353;93959.7 361;93959.7 
335: 52;90359.7 93;90359.7 132;90359.7 135;90359.7 145;90359.7 164;90359.7 190;90359.7 194;90359.7 201;90359.7 220;90359.7 233;90359.7 246;90359.7 340;90359.7 347;90359.7 361;90359.7 365;90359.7 
336: 
337: 
338: 3;93959.7 24;93959.7 46;93959.7 114;93959.7 157;93959.7 163;93959.7 169;93959.7 274;93959.7 278;93959.7 284;93959.7 334;93959.7 361;93959.7 378;93959.7 
339: 
340: 
341: 
342: 11;93959.7 16;93959.7 21;93959.7 24;93959.7 35;93959.7 67;93959.7 81;93959.7 94;93959.7 155;93959.7 158;93959.7 163;93959.7 237;93959.7 254;93959.7 262;93959.7 285;93959.7 287;93959.7 392;93959.7 
343: 35;93959.7 114;93959.7 139;93959.7 152;93959.7 153;93959.7 201;93959.7 240;93959.7 242;93959.7 250;93959.7 300;93959.7 348;93959.7 383;93959.7 389;93959.7 399;93959.7 
344: 
345: 
346: 
347: 
348: 
349: 
350: 
351: 
352: 
353: 
354: 
355: 
356: 
357: 
358: 
359: 
360: 
361: 
362: 
363: 
364: 80;93959.7 134;93959.7 185;93959.7 190;93959.7 204;93959.7 222;93959.7 244;93959.7 246;93959.7 275;93959.7 301;93959.7 314;93959.7 330;93959.7 340;93959.7 347;93959.7 370;93959.7 400;93959.7 
365: 
366: 
367: 
368: 
369: 
370: 
371: 
372: 
373: 15;90359.7 38;93959.7 58;93959.7 62;90359.7 82;90359.7 106;93959.7 114;93959.7 136;93959.7 166;93959.7 167;90359.7 201;90359.7 220;93959.7 248;93959.7 269;93959.7 300;90359.7 309;93959.7 321;93959.7 322;93959.7 326;90359.7 336;93959.7 377;93959.7 391;93959.7 
374: 38;93959.7 58;93959.7 62;93959.7 82;93959.7 114;93959.7 136;93959.7 166;93959.7 220;93959.7 300;93959.7 309;93959.7 322;93959.7 336;93959.7 377;93959.7 
375: 
376: 
377: 
378: 
379: 
380: 
381: 
382: 
383: 
384: 
385: 
386: 
387: 
388: 
389: 
390: 
391: 
392: 
393: 
394: 10;93959.7 22;93959.7 38;90359.7 56;90359.7 60;90359.7 62;93959.7 68;90359.7 100;93959.7 114;93959.7 208;93959.7 209;93959.7 220;93959.7 227;93959.7 233;93959.7 262;90359.7 264;93959.7 322;93959.7 336;90359.7 345;93959.7 364;93959.7 373;93959.7 380;93959.7 400;93959.7 
395: 
396: 
397: 
398: 
399: 
400: 
